win rate: 0.908	loss rate: 0.049	tie rate: 0.043
win rate: 0.850	loss rate: 0.088	tie rate: 0.062
win rate: 0.902	loss rate: 0.073	tie rate: 0.025
win rate: 0.880	loss rate: 0.081	tie rate: 0.039
win rate: 0.881	loss rate: 0.082	tie rate: 0.037
win rate: 0.950	loss rate: 0.036	tie rate: 0.014
win rate: 0.885	loss rate: 0.066	tie rate: 0.049
win rate: 0.903	loss rate: 0.054	tie rate: 0.043
win rate: 0.842	loss rate: 0.101	tie rate: 0.057
win rate: 0.841	loss rate: 0.123	tie rate: 0.036
win rate: 0.923	loss rate: 0.035	tie rate: 0.042
win rate: 0.841	loss rate: 0.110	tie rate: 0.049
win rate: 0.825	loss rate: 0.100	tie rate: 0.075
win rate: 0.801	loss rate: 0.143	tie rate: 0.056
win rate: 0.874	loss rate: 0.076	tie rate: 0.050
win rate: 0.867	loss rate: 0.092	tie rate: 0.041
win rate: 0.914	loss rate: 0.060	tie rate: 0.026
win rate: 0.895	loss rate: 0.067	tie rate: 0.038
win rate: 0.890	loss rate: 0.086	tie rate: 0.024
win rate: 0.826	loss rate: 0.112	tie rate: 0.062
win rate: 0.886	loss rate: 0.086	tie rate: 0.028
win rate: 0.822	loss rate: 0.117	tie rate: 0.061
win rate: 0.880	loss rate: 0.070	tie rate: 0.050
win rate: 0.864	loss rate: 0.093	tie rate: 0.043
win rate: 0.921	loss rate: 0.047	tie rate: 0.032
win rate: 0.881	loss rate: 0.079	tie rate: 0.040
win rate: 0.867	loss rate: 0.085	tie rate: 0.048
win rate: 0.848	loss rate: 0.098	tie rate: 0.054
win rate: 0.883	loss rate: 0.074	tie rate: 0.043
win rate: 0.910	loss rate: 0.059	tie rate: 0.031
win rate: 0.903	loss rate: 0.064	tie rate: 0.033
win rate: 0.817	loss rate: 0.116	tie rate: 0.067
win rate: 0.856	loss rate: 0.075	tie rate: 0.069
win rate: 0.833	loss rate: 0.126	tie rate: 0.041
win rate: 0.858	loss rate: 0.107	tie rate: 0.035
win rate: 0.820	loss rate: 0.121	tie rate: 0.059
win rate: 0.845	loss rate: 0.094	tie rate: 0.061
win rate: 0.889	loss rate: 0.070	tie rate: 0.041
win rate: 0.877	loss rate: 0.096	tie rate: 0.027
win rate: 0.880	loss rate: 0.076	tie rate: 0.044
win rate: 0.910	loss rate: 0.041	tie rate: 0.049
win rate: 0.784	loss rate: 0.144	tie rate: 0.072
win rate: 0.857	loss rate: 0.094	tie rate: 0.049
win rate: 0.851	loss rate: 0.102	tie rate: 0.047
win rate: 0.868	loss rate: 0.091	tie rate: 0.041
win rate: 0.878	loss rate: 0.079	tie rate: 0.043
win rate: 0.908	loss rate: 0.056	tie rate: 0.036
win rate: 0.894	loss rate: 0.063	tie rate: 0.043
win rate: 0.890	loss rate: 0.070	tie rate: 0.040
win rate: 0.883	loss rate: 0.063	tie rate: 0.054
win rate: 0.921	loss rate: 0.040	tie rate: 0.039
win rate: 0.810	loss rate: 0.120	tie rate: 0.070
win rate: 0.865	loss rate: 0.090	tie rate: 0.045
win rate: 0.821	loss rate: 0.122	tie rate: 0.057
