win: 0.680	loss: 0.302	tie: 0.018	loss: 0.176
win: 0.643	loss: 0.260	tie: 0.097	loss: 119.165
win: 0.618	loss: 0.281	tie: 0.101	loss: 114.989
win: 0.674	loss: 0.307	tie: 0.020	loss: 319.673
win: 0.657	loss: 0.252	tie: 0.091	loss: 291.281
win: 0.638	loss: 0.282	tie: 0.080	loss: 305.919
win: 0.700	loss: 0.286	tie: 0.015	loss: 292.200
win: 0.638	loss: 0.265	tie: 0.097	loss: 411.069
win: 0.306	loss: 0.262	tie: 0.433	loss: 315.062
win: 0.672	loss: 0.218	tie: 0.110	loss: 288.454
win: 0.300	loss: 0.256	tie: 0.444	loss: 299.601
win: 0.632	loss: 0.238	tie: 0.130	loss: 288.832
win: 0.641	loss: 0.260	tie: 0.099	loss: 258.898
win: 0.508	loss: 0.464	tie: 0.028	loss: 214.620
win: 0.681	loss: 0.300	tie: 0.019	loss: 214.818
win: 0.355	loss: 0.333	tie: 0.312	loss: 187.381
win: 0.355	loss: 0.264	tie: 0.382	loss: 181.197
win: 0.643	loss: 0.246	tie: 0.112	loss: 164.556
win: 0.667	loss: 0.243	tie: 0.090	loss: 191.420
win: 0.608	loss: 0.278	tie: 0.114	loss: 182.786
win: 0.692	loss: 0.225	tie: 0.083	loss: 161.657
win: 0.617	loss: 0.273	tie: 0.110	loss: 176.338
win: 0.589	loss: 0.311	tie: 0.100	loss: 184.722
win: 0.606	loss: 0.271	tie: 0.123	loss: 156.977
win: 0.503	loss: 0.341	tie: 0.156	loss: 132.894
win: 0.643	loss: 0.254	tie: 0.103	loss: 195.523
win: 0.610	loss: 0.275	tie: 0.115	loss: 171.657
win: 0.642	loss: 0.244	tie: 0.114	loss: 168.672
win: 0.384	loss: 0.253	tie: 0.363	loss: 162.028
win: 0.639	loss: 0.344	tie: 0.017	loss: 138.287
win: 0.677	loss: 0.248	tie: 0.075	loss: 209.189
win: 0.635	loss: 0.274	tie: 0.092	loss: 172.685
win: 0.654	loss: 0.234	tie: 0.113	loss: 544.016
win: 0.690	loss: 0.230	tie: 0.080	loss: 505.523
win: 0.673	loss: 0.236	tie: 0.090	loss: 489.324
win: 0.628	loss: 0.247	tie: 0.125	loss: 483.192
win: 0.589	loss: 0.287	tie: 0.124	loss: 473.325
win: 0.600	loss: 0.274	tie: 0.126	loss: 478.838
win: 0.655	loss: 0.254	tie: 0.091	loss: 459.480
win: 0.323	loss: 0.268	tie: 0.409	loss: 437.887
win: 0.664	loss: 0.315	tie: 0.022	loss: 420.784
win: 0.655	loss: 0.282	tie: 0.063	loss: 407.059
win: 0.670	loss: 0.313	tie: 0.018	loss: 390.907
win: 0.623	loss: 0.279	tie: 0.098	loss: 379.042
win: 0.685	loss: 0.235	tie: 0.080	loss: 388.933
win: 0.599	loss: 0.319	tie: 0.082	loss: 369.111
win: 0.661	loss: 0.227	tie: 0.112	loss: 361.871
win: 0.685	loss: 0.221	tie: 0.094	loss: 361.616
win: 0.258	loss: 0.330	tie: 0.412	loss: 349.749
win: 0.662	loss: 0.320	tie: 0.017	loss: 333.792
win: 0.690	loss: 0.289	tie: 0.021	loss: 312.196
win: 0.629	loss: 0.256	tie: 0.114	loss: 317.423
win: 0.649	loss: 0.267	tie: 0.085	loss: 298.259
win: 0.594	loss: 0.229	tie: 0.178	loss: 287.110
win: 0.609	loss: 0.291	tie: 0.100	loss: 277.342
win: 0.633	loss: 0.272	tie: 0.096	loss: 276.354
win: 0.642	loss: 0.258	tie: 0.100	loss: 290.358
win: 0.552	loss: 0.320	tie: 0.128	loss: 289.070
win: 0.601	loss: 0.277	tie: 0.123	loss: 285.723
win: 0.633	loss: 0.248	tie: 0.118	loss: 291.483
win: 0.629	loss: 0.355	tie: 0.016	loss: 272.607
win: 0.673	loss: 0.313	tie: 0.014	loss: 265.496
win: 0.308	loss: 0.277	tie: 0.415	loss: 258.460
win: 0.665	loss: 0.247	tie: 0.087	loss: 266.596
win: 0.668	loss: 0.230	tie: 0.101	loss: 505.830
win: 0.688	loss: 0.227	tie: 0.085	loss: 478.151
win: 0.624	loss: 0.281	tie: 0.095	loss: 447.456
win: 0.323	loss: 0.272	tie: 0.404	loss: 430.791
win: 0.656	loss: 0.226	tie: 0.118	loss: 430.721
win: 0.610	loss: 0.277	tie: 0.113	loss: 406.374
win: 0.637	loss: 0.262	tie: 0.101	loss: 416.295
win: 0.670	loss: 0.245	tie: 0.085	loss: 393.675
win: 0.605	loss: 0.278	tie: 0.117	loss: 385.091
win: 0.685	loss: 0.241	tie: 0.074	loss: 385.067
win: 0.629	loss: 0.259	tie: 0.112	loss: 370.019
win: 0.272	loss: 0.306	tie: 0.422	loss: 361.677
win: 0.633	loss: 0.271	tie: 0.096	loss: 355.278
win: 0.580	loss: 0.276	tie: 0.144	loss: 350.955
win: 0.637	loss: 0.345	tie: 0.018	loss: 316.904
win: 0.667	loss: 0.264	tie: 0.069	loss: 310.985
win: 0.363	loss: 0.259	tie: 0.378	loss: 308.857
win: 0.293	loss: 0.281	tie: 0.426	loss: 294.589
win: 0.675	loss: 0.231	tie: 0.094	loss: 302.801
win: 0.310	loss: 0.283	tie: 0.407	loss: 293.581
win: 0.544	loss: 0.317	tie: 0.140	loss: 282.138
win: 0.645	loss: 0.270	tie: 0.085	loss: 269.480
win: 0.599	loss: 0.298	tie: 0.103	loss: 284.851
win: 0.646	loss: 0.258	tie: 0.097	loss: 290.854
win: 0.631	loss: 0.280	tie: 0.090	loss: 282.312
win: 0.663	loss: 0.321	tie: 0.016	loss: 266.399
win: 0.347	loss: 0.256	tie: 0.397	loss: 261.933
win: 0.668	loss: 0.238	tie: 0.095	loss: 269.899
win: 0.631	loss: 0.231	tie: 0.138	loss: 254.655
win: 0.317	loss: 0.262	tie: 0.421	loss: 250.118
win: 0.666	loss: 0.227	tie: 0.107	loss: 244.457
win: 0.634	loss: 0.270	tie: 0.096	loss: 250.051
win: 0.649	loss: 0.256	tie: 0.095	loss: 583.634
win: 0.682	loss: 0.243	tie: 0.075	loss: 462.921
win: 0.682	loss: 0.212	tie: 0.106	loss: 421.218
win: 0.670	loss: 0.241	tie: 0.089	loss: 384.650
win: 0.315	loss: 0.293	tie: 0.392	loss: 397.830
win: 0.633	loss: 0.251	tie: 0.116	loss: 379.923
win: 0.659	loss: 0.267	tie: 0.073	loss: 376.421
win: 0.666	loss: 0.232	tie: 0.102	loss: 368.353
win: 0.640	loss: 0.266	tie: 0.094	loss: 353.725
win: 0.599	loss: 0.278	tie: 0.123	loss: 344.778
win: 0.623	loss: 0.259	tie: 0.118	loss: 345.048
win: 0.583	loss: 0.290	tie: 0.127	loss: 356.318
win: 0.621	loss: 0.272	tie: 0.107	loss: 330.640
win: 0.638	loss: 0.266	tie: 0.096	loss: 339.651
win: 0.682	loss: 0.227	tie: 0.090	loss: 340.895
win: 0.655	loss: 0.244	tie: 0.101	loss: 308.345
win: 0.661	loss: 0.317	tie: 0.023	loss: 316.299
win: 0.623	loss: 0.248	tie: 0.129	loss: 332.565
win: 0.639	loss: 0.251	tie: 0.110	loss: 318.031
win: 0.663	loss: 0.259	tie: 0.078	loss: 290.061
win: 0.624	loss: 0.285	tie: 0.091	loss: 298.160
win: 0.657	loss: 0.323	tie: 0.020	loss: 341.397
win: 0.654	loss: 0.248	tie: 0.099	loss: 289.015
win: 0.606	loss: 0.258	tie: 0.135	loss: 274.501
win: 0.620	loss: 0.293	tie: 0.087	loss: 251.853
win: 0.502	loss: 0.470	tie: 0.027	loss: 243.308
win: 0.626	loss: 0.261	tie: 0.113	loss: 244.222
win: 0.620	loss: 0.260	tie: 0.121	loss: 251.453
win: 0.367	loss: 0.243	tie: 0.391	loss: 230.844
win: 0.683	loss: 0.238	tie: 0.079	loss: 232.695
win: 0.597	loss: 0.268	tie: 0.134	loss: 230.396
win: 0.683	loss: 0.235	tie: 0.083	loss: 212.683
win: 0.674	loss: 0.224	tie: 0.102	loss: 538.302
win: 0.636	loss: 0.253	tie: 0.111	loss: 466.420
win: 0.603	loss: 0.260	tie: 0.138	loss: 451.352
win: 0.669	loss: 0.238	tie: 0.092	loss: 401.578
win: 0.613	loss: 0.366	tie: 0.021	loss: 391.254
win: 0.282	loss: 0.315	tie: 0.403	loss: 390.444
win: 0.671	loss: 0.247	tie: 0.083	loss: 373.026
win: 0.598	loss: 0.380	tie: 0.022	loss: 344.180
win: 0.605	loss: 0.289	tie: 0.105	loss: 355.644
win: 0.618	loss: 0.268	tie: 0.113	loss: 330.104
win: 0.647	loss: 0.244	tie: 0.109	loss: 324.074
win: 0.648	loss: 0.220	tie: 0.132	loss: 307.372
win: 0.694	loss: 0.230	tie: 0.076	loss: 310.893
win: 0.532	loss: 0.339	tie: 0.129	loss: 289.514
win: 0.648	loss: 0.248	tie: 0.104	loss: 286.536
win: 0.619	loss: 0.269	tie: 0.112	loss: 286.195
win: 0.607	loss: 0.280	tie: 0.113	loss: 301.320
win: 0.631	loss: 0.262	tie: 0.107	loss: 273.484
win: 0.591	loss: 0.381	tie: 0.028	loss: 261.720
win: 0.619	loss: 0.279	tie: 0.102	loss: 267.162
win: 0.674	loss: 0.243	tie: 0.083	loss: 252.494
win: 0.653	loss: 0.249	tie: 0.099	loss: 253.063
win: 0.710	loss: 0.271	tie: 0.019	loss: 238.494
win: 0.532	loss: 0.336	tie: 0.131	loss: 231.835
win: 0.680	loss: 0.302	tie: 0.018	loss: 224.699
win: 0.645	loss: 0.254	tie: 0.101	loss: 227.187
win: 0.670	loss: 0.235	tie: 0.096	loss: 217.428
win: 0.632	loss: 0.275	tie: 0.093	loss: 216.030
win: 0.677	loss: 0.307	tie: 0.016	loss: 205.833
win: 0.656	loss: 0.234	tie: 0.110	loss: 212.809
win: 0.631	loss: 0.252	tie: 0.117	loss: 204.399
win: 0.658	loss: 0.234	tie: 0.108	loss: 207.110
win: 0.668	loss: 0.235	tie: 0.097	loss: 569.328
win: 0.676	loss: 0.231	tie: 0.093	loss: 463.271
win: 0.647	loss: 0.257	tie: 0.096	loss: 465.381
win: 0.329	loss: 0.291	tie: 0.379	loss: 441.868
win: 0.623	loss: 0.271	tie: 0.106	loss: 418.152
win: 0.541	loss: 0.345	tie: 0.114	loss: 406.320
win: 0.621	loss: 0.288	tie: 0.091	loss: 450.489
win: 0.639	loss: 0.242	tie: 0.120	loss: 396.598
win: 0.649	loss: 0.254	tie: 0.097	loss: 380.808
win: 0.612	loss: 0.277	tie: 0.111	loss: 383.616
win: 0.665	loss: 0.245	tie: 0.090	loss: 365.262
win: 0.522	loss: 0.328	tie: 0.149	loss: 373.537
win: 0.625	loss: 0.265	tie: 0.110	loss: 352.520
win: 0.676	loss: 0.243	tie: 0.081	loss: 362.463
win: 0.633	loss: 0.249	tie: 0.118	loss: 350.212
win: 0.594	loss: 0.285	tie: 0.121	loss: 336.563
win: 0.659	loss: 0.323	tie: 0.018	loss: 322.312
win: 0.707	loss: 0.247	tie: 0.046	loss: 344.241
win: 0.586	loss: 0.289	tie: 0.125	loss: 316.277
win: 0.634	loss: 0.277	tie: 0.089	loss: 323.012
win: 0.626	loss: 0.276	tie: 0.098	loss: 322.553
win: 0.606	loss: 0.368	tie: 0.025	loss: 313.921
win: 0.627	loss: 0.268	tie: 0.105	loss: 322.105
win: 0.629	loss: 0.257	tie: 0.114	loss: 317.612
win: 0.651	loss: 0.236	tie: 0.112	loss: 300.115
win: 0.666	loss: 0.256	tie: 0.079	loss: 298.138
win: 0.612	loss: 0.275	tie: 0.113	loss: 302.576
win: 0.615	loss: 0.364	tie: 0.021	loss: 337.896
win: 0.639	loss: 0.271	tie: 0.090	loss: 286.146
win: 0.673	loss: 0.233	tie: 0.094	loss: 294.821
win: 0.542	loss: 0.262	tie: 0.197	loss: 283.904
win: 0.666	loss: 0.247	tie: 0.087	loss: 342.792
win: 0.634	loss: 0.317	tie: 0.050	loss: 530.629
win: 0.630	loss: 0.345	tie: 0.025	loss: 480.154
win: 0.619	loss: 0.265	tie: 0.115	loss: 457.035
win: 0.516	loss: 0.459	tie: 0.025	loss: 471.274
win: 0.631	loss: 0.268	tie: 0.101	loss: 447.640
win: 0.692	loss: 0.210	tie: 0.097	loss: 439.472
win: 0.643	loss: 0.266	tie: 0.091	loss: 428.583
win: 0.651	loss: 0.275	tie: 0.074	loss: 422.363
win: 0.613	loss: 0.287	tie: 0.099	loss: 417.997
win: 0.624	loss: 0.263	tie: 0.113	loss: 405.459
win: 0.650	loss: 0.329	tie: 0.022	loss: 400.282
win: 0.640	loss: 0.263	tie: 0.098	loss: 403.498
win: 0.629	loss: 0.268	tie: 0.104	loss: 397.735
win: 0.619	loss: 0.285	tie: 0.096	loss: 394.462
win: 0.632	loss: 0.347	tie: 0.021	loss: 401.746
win: 0.673	loss: 0.259	tie: 0.068	loss: 424.453
win: 0.509	loss: 0.359	tie: 0.131	loss: 399.140
win: 0.657	loss: 0.262	tie: 0.081	loss: 379.185
win: 0.640	loss: 0.246	tie: 0.114	loss: 384.082
win: 0.621	loss: 0.285	tie: 0.094	loss: 366.032
win: 0.672	loss: 0.234	tie: 0.094	loss: 365.834
win: 0.335	loss: 0.268	tie: 0.397	loss: 413.675
win: 0.638	loss: 0.256	tie: 0.106	loss: 369.565
win: 0.685	loss: 0.302	tie: 0.013	loss: 372.949
win: 0.674	loss: 0.244	tie: 0.083	loss: 368.039
win: 0.366	loss: 0.296	tie: 0.338	loss: 359.087
win: 0.654	loss: 0.254	tie: 0.091	loss: 360.791
win: 0.346	loss: 0.257	tie: 0.397	loss: 360.118
win: 0.699	loss: 0.223	tie: 0.078	loss: 354.266
win: 0.659	loss: 0.242	tie: 0.099	loss: 356.975
win: 0.289	loss: 0.271	tie: 0.441	loss: 361.649
win: 0.663	loss: 0.259	tie: 0.078	loss: 366.165
win: 0.656	loss: 0.258	tie: 0.087	loss: 642.338
win: 0.333	loss: 0.246	tie: 0.421	loss: 418.262
win: 0.646	loss: 0.242	tie: 0.112	loss: 439.029
win: 0.602	loss: 0.287	tie: 0.112	loss: 400.228
win: 0.612	loss: 0.276	tie: 0.112	loss: 403.632
win: 0.506	loss: 0.344	tie: 0.150	loss: 377.315
win: 0.659	loss: 0.260	tie: 0.081	loss: 366.726
win: 0.681	loss: 0.224	tie: 0.095	loss: 372.755
win: 0.498	loss: 0.474	tie: 0.028	loss: 371.312
win: 0.325	loss: 0.269	tie: 0.406	loss: 360.208
win: 0.663	loss: 0.251	tie: 0.086	loss: 357.243
win: 0.290	loss: 0.288	tie: 0.422	loss: 363.625
win: 0.668	loss: 0.241	tie: 0.091	loss: 351.917
win: 0.628	loss: 0.268	tie: 0.104	loss: 347.679
win: 0.620	loss: 0.269	tie: 0.111	loss: 346.487
win: 0.650	loss: 0.250	tie: 0.100	loss: 337.542
win: 0.618	loss: 0.298	tie: 0.084	loss: 371.119
win: 0.613	loss: 0.265	tie: 0.123	loss: 340.538
win: 0.670	loss: 0.241	tie: 0.089	loss: 325.799
win: 0.695	loss: 0.217	tie: 0.088	loss: 339.250
win: 0.658	loss: 0.329	tie: 0.013	loss: 326.575
win: 0.652	loss: 0.260	tie: 0.089	loss: 314.323
win: 0.630	loss: 0.267	tie: 0.102	loss: 338.119
win: 0.671	loss: 0.248	tie: 0.081	loss: 313.405
win: 0.640	loss: 0.257	tie: 0.104	loss: 302.767
win: 0.627	loss: 0.270	tie: 0.103	loss: 309.648
win: 0.279	loss: 0.273	tie: 0.448	loss: 306.270
win: 0.638	loss: 0.260	tie: 0.101	loss: 298.650
win: 0.625	loss: 0.261	tie: 0.114	loss: 332.963
win: 0.604	loss: 0.267	tie: 0.129	loss: 296.884
win: 0.629	loss: 0.275	tie: 0.096	loss: 291.066
win: 0.668	loss: 0.237	tie: 0.095	loss: 291.807
win: 0.673	loss: 0.251	tie: 0.076	loss: 539.712
win: 0.597	loss: 0.286	tie: 0.118	loss: 483.896
win: 0.646	loss: 0.252	tie: 0.102	loss: 473.121
win: 0.552	loss: 0.251	tie: 0.197	loss: 465.695
win: 0.646	loss: 0.262	tie: 0.092	loss: 465.738
win: 0.636	loss: 0.259	tie: 0.105	loss: 479.597
win: 0.348	loss: 0.226	tie: 0.426	loss: 481.973
win: 0.241	loss: 0.307	tie: 0.452	loss: 453.608
win: 0.357	loss: 0.281	tie: 0.362	loss: 468.369
win: 0.295	loss: 0.323	tie: 0.382	loss: 443.974
win: 0.606	loss: 0.264	tie: 0.129	loss: 440.079
win: 0.652	loss: 0.244	tie: 0.104	loss: 459.509
win: 0.689	loss: 0.211	tie: 0.100	loss: 435.368
win: 0.663	loss: 0.232	tie: 0.105	loss: 435.713
win: 0.641	loss: 0.258	tie: 0.100	loss: 428.816
win: 0.333	loss: 0.251	tie: 0.416	loss: 425.073
win: 0.678	loss: 0.236	tie: 0.086	loss: 442.106
win: 0.633	loss: 0.250	tie: 0.117	loss: 458.270
win: 0.636	loss: 0.261	tie: 0.103	loss: 420.980
win: 0.532	loss: 0.254	tie: 0.214	loss: 423.462
win: 0.675	loss: 0.227	tie: 0.098	loss: 416.089
win: 0.608	loss: 0.254	tie: 0.138	loss: 418.341
win: 0.406	loss: 0.247	tie: 0.347	loss: 412.149
win: 0.524	loss: 0.370	tie: 0.105	loss: 417.891
win: 0.655	loss: 0.323	tie: 0.022	loss: 418.689
win: 0.651	loss: 0.259	tie: 0.089	loss: 405.311
win: 0.607	loss: 0.264	tie: 0.129	loss: 405.003
win: 0.403	loss: 0.262	tie: 0.334	loss: 405.461
win: 0.514	loss: 0.248	tie: 0.238	loss: 400.466
win: 0.641	loss: 0.268	tie: 0.091	loss: 399.857
win: 0.557	loss: 0.240	tie: 0.203	loss: 394.804
win: 0.272	loss: 0.304	tie: 0.424	loss: 396.569
win: 0.350	loss: 0.266	tie: 0.385	loss: 479.515
win: 0.630	loss: 0.259	tie: 0.110	loss: 488.547
win: 0.669	loss: 0.247	tie: 0.084	loss: 460.747
win: 0.323	loss: 0.266	tie: 0.411	loss: 454.972
win: 0.653	loss: 0.259	tie: 0.088	loss: 444.780
win: 0.653	loss: 0.244	tie: 0.103	loss: 442.087
win: 0.641	loss: 0.278	tie: 0.081	loss: 442.855
win: 0.630	loss: 0.269	tie: 0.101	loss: 425.597
win: 0.720	loss: 0.218	tie: 0.062	loss: 430.945
win: 0.645	loss: 0.266	tie: 0.089	loss: 420.585
win: 0.653	loss: 0.243	tie: 0.105	loss: 435.717
win: 0.388	loss: 0.278	tie: 0.333	loss: 427.273
win: 0.672	loss: 0.300	tie: 0.027	loss: 428.492
win: 0.378	loss: 0.300	tie: 0.322	loss: 409.431
win: 0.639	loss: 0.265	tie: 0.096	loss: 427.781
win: 0.663	loss: 0.320	tie: 0.017	loss: 404.954
win: 0.650	loss: 0.331	tie: 0.020	loss: 400.083
win: 0.658	loss: 0.251	tie: 0.091	loss: 404.664
win: 0.631	loss: 0.262	tie: 0.108	loss: 390.123
win: 0.658	loss: 0.251	tie: 0.091	loss: 394.281
win: 0.627	loss: 0.259	tie: 0.114	loss: 386.211
win: 0.666	loss: 0.240	tie: 0.094	loss: 412.052
win: 0.357	loss: 0.247	tie: 0.396	loss: 393.369
win: 0.604	loss: 0.299	tie: 0.097	loss: 402.684
win: 0.616	loss: 0.264	tie: 0.120	loss: 416.666
win: 0.629	loss: 0.350	tie: 0.022	loss: 394.084
win: 0.615	loss: 0.271	tie: 0.114	loss: 411.960
win: 0.616	loss: 0.257	tie: 0.128	loss: 391.765
win: 0.697	loss: 0.220	tie: 0.082	loss: 400.361
win: 0.630	loss: 0.351	tie: 0.019	loss: 401.041
win: 0.643	loss: 0.332	tie: 0.025	loss: 406.696
win: 0.635	loss: 0.341	tie: 0.024	loss: 391.556
win: 0.364	loss: 0.269	tie: 0.367	loss: 457.262
win: 0.620	loss: 0.268	tie: 0.112	loss: 509.120
win: 0.639	loss: 0.335	tie: 0.026	loss: 429.999
win: 0.610	loss: 0.255	tie: 0.135	loss: 402.653
win: 0.648	loss: 0.257	tie: 0.095	loss: 430.380
win: 0.624	loss: 0.262	tie: 0.115	loss: 400.790
win: 0.502	loss: 0.365	tie: 0.132	loss: 421.145
win: 0.641	loss: 0.259	tie: 0.101	loss: 409.612
win: 0.242	loss: 0.310	tie: 0.448	loss: 393.088
win: 0.648	loss: 0.247	tie: 0.105	loss: 381.587
win: 0.673	loss: 0.306	tie: 0.021	loss: 397.283
win: 0.642	loss: 0.270	tie: 0.089	loss: 386.290
win: 0.613	loss: 0.278	tie: 0.109	loss: 382.769
win: 0.277	loss: 0.282	tie: 0.442	loss: 387.832
win: 0.641	loss: 0.253	tie: 0.107	loss: 382.594
win: 0.655	loss: 0.332	tie: 0.013	loss: 380.938
win: 0.371	loss: 0.305	tie: 0.324	loss: 396.222
win: 0.677	loss: 0.236	tie: 0.087	loss: 382.782
win: 0.686	loss: 0.206	tie: 0.108	loss: 375.196
win: 0.652	loss: 0.254	tie: 0.094	loss: 380.679
win: 0.658	loss: 0.217	tie: 0.125	loss: 369.590
win: 0.578	loss: 0.300	tie: 0.122	loss: 374.362
win: 0.395	loss: 0.278	tie: 0.327	loss: 373.392
win: 0.660	loss: 0.243	tie: 0.097	loss: 378.122
win: 0.635	loss: 0.274	tie: 0.091	loss: 383.030
win: 0.683	loss: 0.226	tie: 0.091	loss: 371.026
win: 0.613	loss: 0.264	tie: 0.122	loss: 382.764
win: 0.676	loss: 0.240	tie: 0.084	loss: 409.404
win: 0.651	loss: 0.246	tie: 0.103	loss: 370.173
win: 0.627	loss: 0.260	tie: 0.112	loss: 377.944
win: 0.666	loss: 0.238	tie: 0.096	loss: 374.287
win: 0.393	loss: 0.272	tie: 0.336	loss: 378.795
win: 0.306	loss: 0.297	tie: 0.397	loss: 529.710
win: 0.677	loss: 0.241	tie: 0.083	loss: 505.164
win: 0.652	loss: 0.256	tie: 0.091	loss: 491.358
win: 0.670	loss: 0.227	tie: 0.103	loss: 484.713
win: 0.262	loss: 0.309	tie: 0.429	loss: 465.018
win: 0.696	loss: 0.236	tie: 0.068	loss: 463.627
win: 0.651	loss: 0.239	tie: 0.110	loss: 461.039
win: 0.637	loss: 0.260	tie: 0.103	loss: 458.034
win: 0.614	loss: 0.361	tie: 0.025	loss: 458.411
win: 0.648	loss: 0.259	tie: 0.092	loss: 448.307
win: 0.604	loss: 0.252	tie: 0.145	loss: 452.238
win: 0.525	loss: 0.240	tie: 0.236	loss: 460.069
win: 0.635	loss: 0.273	tie: 0.092	loss: 447.580
win: 0.256	loss: 0.343	tie: 0.401	loss: 441.418
win: 0.540	loss: 0.336	tie: 0.124	loss: 443.403
win: 0.294	loss: 0.258	tie: 0.448	loss: 434.219
win: 0.641	loss: 0.338	tie: 0.021	loss: 436.028
win: 0.638	loss: 0.260	tie: 0.101	loss: 429.236
win: 0.643	loss: 0.252	tie: 0.105	loss: 429.068
win: 0.669	loss: 0.229	tie: 0.102	loss: 429.508
win: 0.677	loss: 0.209	tie: 0.115	loss: 427.391
win: 0.599	loss: 0.276	tie: 0.125	loss: 415.628
win: 0.675	loss: 0.307	tie: 0.018	loss: 419.758
win: 0.657	loss: 0.243	tie: 0.100	loss: 413.296
win: 0.640	loss: 0.259	tie: 0.102	loss: 430.348
win: 0.645	loss: 0.250	tie: 0.105	loss: 421.922
win: 0.627	loss: 0.272	tie: 0.101	loss: 411.513
win: 0.645	loss: 0.251	tie: 0.104	loss: 415.082
win: 0.298	loss: 0.285	tie: 0.417	loss: 426.355
win: 0.641	loss: 0.264	tie: 0.094	loss: 424.601
win: 0.608	loss: 0.253	tie: 0.140	loss: 413.959
win: 0.488	loss: 0.326	tie: 0.186	loss: 412.783
win: 0.623	loss: 0.265	tie: 0.112	loss: 536.453
win: 0.636	loss: 0.250	tie: 0.114	loss: 441.021
win: 0.642	loss: 0.243	tie: 0.115	loss: 435.749
win: 0.628	loss: 0.259	tie: 0.114	loss: 435.738
win: 0.634	loss: 0.261	tie: 0.105	loss: 438.142
win: 0.662	loss: 0.321	tie: 0.017	loss: 425.425
win: 0.638	loss: 0.343	tie: 0.019	loss: 429.551
win: 0.677	loss: 0.241	tie: 0.083	loss: 427.235
win: 0.331	loss: 0.267	tie: 0.403	loss: 435.148
win: 0.664	loss: 0.261	tie: 0.075	loss: 429.428
win: 0.614	loss: 0.276	tie: 0.110	loss: 430.015
win: 0.660	loss: 0.236	tie: 0.103	loss: 448.673
win: 0.629	loss: 0.258	tie: 0.114	loss: 422.459
win: 0.340	loss: 0.265	tie: 0.395	loss: 427.545
win: 0.666	loss: 0.228	tie: 0.106	loss: 433.897
win: 0.482	loss: 0.351	tie: 0.168	loss: 429.202
win: 0.652	loss: 0.257	tie: 0.091	loss: 431.214
win: 0.236	loss: 0.329	tie: 0.435	loss: 425.025
win: 0.671	loss: 0.242	tie: 0.087	loss: 416.426
win: 0.650	loss: 0.261	tie: 0.090	loss: 421.673
win: 0.669	loss: 0.313	tie: 0.018	loss: 426.024
win: 0.632	loss: 0.276	tie: 0.092	loss: 417.506
win: 0.626	loss: 0.266	tie: 0.108	loss: 439.797
win: 0.654	loss: 0.328	tie: 0.019	loss: 421.046
win: 0.652	loss: 0.325	tie: 0.023	loss: 420.155
win: 0.643	loss: 0.265	tie: 0.092	loss: 418.367
win: 0.615	loss: 0.284	tie: 0.101	loss: 416.045
win: 0.655	loss: 0.289	tie: 0.056	loss: 419.440
win: 0.628	loss: 0.260	tie: 0.113	loss: 422.235
win: 0.681	loss: 0.232	tie: 0.086	loss: 421.050
win: 0.628	loss: 0.257	tie: 0.115	loss: 430.557
win: 0.657	loss: 0.250	tie: 0.093	loss: 423.462
win: 0.670	loss: 0.231	tie: 0.099	loss: 459.818
win: 0.620	loss: 0.275	tie: 0.106	loss: 469.316
win: 0.610	loss: 0.280	tie: 0.110	loss: 431.060
win: 0.650	loss: 0.248	tie: 0.102	loss: 451.920
win: 0.632	loss: 0.268	tie: 0.100	loss: 424.376
win: 0.625	loss: 0.268	tie: 0.107	loss: 433.726
win: 0.319	loss: 0.260	tie: 0.422	loss: 428.802
win: 0.507	loss: 0.329	tie: 0.163	loss: 460.646
win: 0.678	loss: 0.303	tie: 0.019	loss: 430.254
win: 0.627	loss: 0.255	tie: 0.118	loss: 424.864
win: 0.669	loss: 0.308	tie: 0.024	loss: 417.593
win: 0.627	loss: 0.259	tie: 0.114	loss: 422.159
win: 0.668	loss: 0.234	tie: 0.098	loss: 428.091
win: 0.669	loss: 0.250	tie: 0.081	loss: 423.364
win: 0.645	loss: 0.258	tie: 0.097	loss: 419.604
win: 0.630	loss: 0.275	tie: 0.094	loss: 421.117
win: 0.677	loss: 0.305	tie: 0.018	loss: 417.032
win: 0.659	loss: 0.240	tie: 0.102	loss: 411.853
win: 0.670	loss: 0.315	tie: 0.015	loss: 412.198
win: 0.652	loss: 0.228	tie: 0.120	loss: 424.092
win: 0.658	loss: 0.248	tie: 0.094	loss: 414.178
win: 0.671	loss: 0.250	tie: 0.079	loss: 414.867
win: 0.509	loss: 0.238	tie: 0.253	loss: 411.526
win: 0.652	loss: 0.329	tie: 0.018	loss: 413.666
win: 0.646	loss: 0.244	tie: 0.110	loss: 410.878
win: 0.617	loss: 0.261	tie: 0.122	loss: 426.537
win: 0.514	loss: 0.255	tie: 0.231	loss: 411.786
win: 0.342	loss: 0.252	tie: 0.406	loss: 424.247
win: 0.643	loss: 0.256	tie: 0.101	loss: 410.981
win: 0.626	loss: 0.271	tie: 0.103	loss: 408.627
win: 0.642	loss: 0.245	tie: 0.114	loss: 418.234
win: 0.285	loss: 0.325	tie: 0.390	loss: 415.060
win: 0.644	loss: 0.256	tie: 0.099	loss: 515.021
win: 0.675	loss: 0.240	tie: 0.085	loss: 437.157
win: 0.659	loss: 0.317	tie: 0.025	loss: 438.215
win: 0.697	loss: 0.224	tie: 0.079	loss: 431.393
win: 0.695	loss: 0.231	tie: 0.074	loss: 416.952
win: 0.627	loss: 0.270	tie: 0.103	loss: 418.651
win: 0.651	loss: 0.256	tie: 0.093	loss: 420.336
win: 0.659	loss: 0.252	tie: 0.088	loss: 422.204
win: 0.370	loss: 0.263	tie: 0.367	loss: 417.521
win: 0.640	loss: 0.295	tie: 0.065	loss: 414.409
win: 0.638	loss: 0.266	tie: 0.096	loss: 413.314
win: 0.643	loss: 0.238	tie: 0.119	loss: 412.959
win: 0.627	loss: 0.251	tie: 0.122	loss: 417.891
win: 0.618	loss: 0.264	tie: 0.118	loss: 421.491
win: 0.395	loss: 0.260	tie: 0.345	loss: 418.285
win: 0.595	loss: 0.291	tie: 0.114	loss: 408.181
win: 0.671	loss: 0.234	tie: 0.095	loss: 408.777
win: 0.628	loss: 0.285	tie: 0.088	loss: 410.516
win: 0.612	loss: 0.250	tie: 0.138	loss: 411.173
win: 0.328	loss: 0.277	tie: 0.395	loss: 410.121
win: 0.666	loss: 0.225	tie: 0.109	loss: 402.643
win: 0.627	loss: 0.247	tie: 0.126	loss: 409.463
win: 0.659	loss: 0.321	tie: 0.020	loss: 412.937
win: 0.687	loss: 0.237	tie: 0.076	loss: 414.362
win: 0.587	loss: 0.276	tie: 0.137	loss: 408.642
win: 0.531	loss: 0.443	tie: 0.025	loss: 406.151
win: 0.617	loss: 0.271	tie: 0.112	loss: 405.055
win: 0.609	loss: 0.259	tie: 0.132	loss: 400.984
win: 0.575	loss: 0.301	tie: 0.124	loss: 416.633
win: 0.644	loss: 0.337	tie: 0.019	loss: 400.073
win: 0.676	loss: 0.237	tie: 0.088	loss: 413.643
win: 0.587	loss: 0.282	tie: 0.130	loss: 412.930
win: 0.646	loss: 0.264	tie: 0.090	loss: 451.051
win: 0.606	loss: 0.299	tie: 0.095	loss: 431.502
win: 0.645	loss: 0.242	tie: 0.113	loss: 422.762
win: 0.620	loss: 0.289	tie: 0.091	loss: 420.987
win: 0.564	loss: 0.244	tie: 0.192	loss: 412.341
win: 0.274	loss: 0.304	tie: 0.423	loss: 414.634
win: 0.636	loss: 0.243	tie: 0.121	loss: 412.294
win: 0.677	loss: 0.303	tie: 0.020	loss: 416.533
win: 0.689	loss: 0.204	tie: 0.106	loss: 417.149
win: 0.638	loss: 0.256	tie: 0.107	loss: 410.454
win: 0.684	loss: 0.231	tie: 0.085	loss: 418.752
win: 0.514	loss: 0.343	tie: 0.143	loss: 413.264
win: 0.612	loss: 0.274	tie: 0.114	loss: 404.153
win: 0.626	loss: 0.241	tie: 0.133	loss: 409.448
win: 0.646	loss: 0.263	tie: 0.091	loss: 426.620
win: 0.661	loss: 0.319	tie: 0.020	loss: 421.521
win: 0.664	loss: 0.238	tie: 0.097	loss: 410.884
win: 0.648	loss: 0.272	tie: 0.081	loss: 411.439
win: 0.366	loss: 0.265	tie: 0.369	loss: 414.150
win: 0.661	loss: 0.275	tie: 0.064	loss: 403.887
win: 0.602	loss: 0.254	tie: 0.144	loss: 405.655
win: 0.707	loss: 0.181	tie: 0.112	loss: 400.048
win: 0.634	loss: 0.272	tie: 0.094	loss: 398.255
win: 0.337	loss: 0.245	tie: 0.417	loss: 391.855
win: 0.673	loss: 0.242	tie: 0.085	loss: 402.548
win: 0.641	loss: 0.255	tie: 0.104	loss: 415.621
win: 0.679	loss: 0.247	tie: 0.074	loss: 394.228
win: 0.621	loss: 0.249	tie: 0.129	loss: 397.624
win: 0.638	loss: 0.263	tie: 0.099	loss: 413.393
win: 0.602	loss: 0.293	tie: 0.105	loss: 393.355
win: 0.649	loss: 0.264	tie: 0.087	loss: 399.298
win: 0.654	loss: 0.240	tie: 0.106	loss: 395.747
win: 0.606	loss: 0.265	tie: 0.129	loss: 655.809
win: 0.609	loss: 0.278	tie: 0.112	loss: 501.855
win: 0.658	loss: 0.255	tie: 0.088	loss: 475.211
win: 0.640	loss: 0.246	tie: 0.114	loss: 468.370
win: 0.641	loss: 0.260	tie: 0.099	loss: 462.820
win: 0.650	loss: 0.241	tie: 0.109	loss: 469.640
win: 0.659	loss: 0.250	tie: 0.092	loss: 447.542
win: 0.639	loss: 0.258	tie: 0.103	loss: 459.906
win: 0.630	loss: 0.288	tie: 0.082	loss: 445.008
win: 0.638	loss: 0.327	tie: 0.035	loss: 436.811
win: 0.623	loss: 0.240	tie: 0.137	loss: 436.729
win: 0.314	loss: 0.284	tie: 0.402	loss: 444.705
win: 0.641	loss: 0.257	tie: 0.102	loss: 440.476
win: 0.662	loss: 0.248	tie: 0.090	loss: 429.923
win: 0.602	loss: 0.266	tie: 0.132	loss: 436.425
win: 0.487	loss: 0.373	tie: 0.140	loss: 422.723
win: 0.613	loss: 0.277	tie: 0.109	loss: 417.676
win: 0.669	loss: 0.226	tie: 0.106	loss: 421.651
win: 0.624	loss: 0.266	tie: 0.109	loss: 420.619
win: 0.607	loss: 0.279	tie: 0.114	loss: 429.190
win: 0.670	loss: 0.311	tie: 0.019	loss: 420.603
win: 0.626	loss: 0.261	tie: 0.113	loss: 414.445
win: 0.670	loss: 0.257	tie: 0.073	loss: 414.814
win: 0.694	loss: 0.212	tie: 0.094	loss: 415.355
win: 0.663	loss: 0.285	tie: 0.052	loss: 416.349
win: 0.711	loss: 0.278	tie: 0.011	loss: 402.313
win: 0.706	loss: 0.213	tie: 0.081	loss: 406.199
win: 0.707	loss: 0.213	tie: 0.079	loss: 405.215
win: 0.645	loss: 0.233	tie: 0.122	loss: 420.982
win: 0.655	loss: 0.253	tie: 0.093	loss: 411.222
win: 0.649	loss: 0.259	tie: 0.092	loss: 403.037
win: 0.659	loss: 0.234	tie: 0.106	loss: 405.176
win: 0.647	loss: 0.252	tie: 0.101	loss: 450.980
win: 0.661	loss: 0.239	tie: 0.100	loss: 453.076
win: 0.267	loss: 0.287	tie: 0.446	loss: 403.200
win: 0.641	loss: 0.261	tie: 0.098	loss: 412.752
win: 0.671	loss: 0.237	tie: 0.092	loss: 416.976
win: 0.318	loss: 0.292	tie: 0.390	loss: 426.454
win: 0.628	loss: 0.269	tie: 0.104	loss: 407.079
win: 0.659	loss: 0.240	tie: 0.102	loss: 405.016
win: 0.616	loss: 0.266	tie: 0.118	loss: 409.888
win: 0.652	loss: 0.255	tie: 0.093	loss: 409.863
win: 0.635	loss: 0.347	tie: 0.018	loss: 407.949
win: 0.409	loss: 0.239	tie: 0.352	loss: 404.605
win: 0.662	loss: 0.261	tie: 0.077	loss: 400.143
win: 0.639	loss: 0.343	tie: 0.018	loss: 414.797
win: 0.649	loss: 0.270	tie: 0.081	loss: 409.205
win: 0.654	loss: 0.251	tie: 0.094	loss: 403.792
win: 0.618	loss: 0.258	tie: 0.124	loss: 401.241
win: 0.708	loss: 0.206	tie: 0.086	loss: 414.907
win: 0.622	loss: 0.272	tie: 0.106	loss: 397.190
win: 0.248	loss: 0.294	tie: 0.458	loss: 401.798
win: 0.353	loss: 0.272	tie: 0.375	loss: 390.131
win: 0.532	loss: 0.233	tie: 0.235	loss: 414.782
win: 0.638	loss: 0.244	tie: 0.118	loss: 437.019
win: 0.634	loss: 0.273	tie: 0.093	loss: 388.334
win: 0.682	loss: 0.242	tie: 0.076	loss: 388.160
win: 0.655	loss: 0.315	tie: 0.030	loss: 405.222
win: 0.619	loss: 0.229	tie: 0.152	loss: 399.934
win: 0.618	loss: 0.262	tie: 0.120	loss: 410.315
win: 0.641	loss: 0.281	tie: 0.078	loss: 395.432
win: 0.588	loss: 0.307	tie: 0.105	loss: 386.703
win: 0.652	loss: 0.249	tie: 0.099	loss: 383.684
win: 0.665	loss: 0.238	tie: 0.097	loss: 387.768
win: 0.667	loss: 0.311	tie: 0.022	loss: 529.206
win: 0.639	loss: 0.272	tie: 0.089	loss: 493.964
win: 0.623	loss: 0.275	tie: 0.102	loss: 489.000
win: 0.679	loss: 0.228	tie: 0.093	loss: 473.586
win: 0.632	loss: 0.266	tie: 0.102	loss: 481.698
win: 0.660	loss: 0.234	tie: 0.106	loss: 463.418
win: 0.666	loss: 0.321	tie: 0.013	loss: 460.849
win: 0.365	loss: 0.279	tie: 0.356	loss: 455.119
win: 0.651	loss: 0.239	tie: 0.111	loss: 452.149
win: 0.616	loss: 0.353	tie: 0.032	loss: 448.883
win: 0.677	loss: 0.303	tie: 0.021	loss: 450.338
win: 0.566	loss: 0.239	tie: 0.195	loss: 457.492
win: 0.696	loss: 0.221	tie: 0.083	loss: 446.859
win: 0.376	loss: 0.259	tie: 0.365	loss: 449.479
win: 0.655	loss: 0.254	tie: 0.091	loss: 441.442
win: 0.681	loss: 0.229	tie: 0.089	loss: 434.867
win: 0.342	loss: 0.268	tie: 0.390	loss: 447.707
win: 0.282	loss: 0.295	tie: 0.423	loss: 439.048
win: 0.613	loss: 0.269	tie: 0.118	loss: 436.759
win: 0.656	loss: 0.272	tie: 0.072	loss: 466.127
win: 0.628	loss: 0.266	tie: 0.106	loss: 443.117
win: 0.604	loss: 0.283	tie: 0.112	loss: 428.718
win: 0.635	loss: 0.271	tie: 0.093	loss: 424.775
win: 0.641	loss: 0.235	tie: 0.124	loss: 447.745
win: 0.689	loss: 0.290	tie: 0.021	loss: 423.106
win: 0.695	loss: 0.229	tie: 0.076	loss: 446.985
win: 0.626	loss: 0.257	tie: 0.117	loss: 439.606
win: 0.649	loss: 0.259	tie: 0.092	loss: 434.081
win: 0.344	loss: 0.271	tie: 0.385	loss: 432.734
win: 0.640	loss: 0.284	tie: 0.076	loss: 420.935
win: 0.643	loss: 0.248	tie: 0.109	loss: 421.353
win: 0.644	loss: 0.248	tie: 0.109	loss: 422.254
win: 0.665	loss: 0.257	tie: 0.078	loss: 519.516
win: 0.616	loss: 0.275	tie: 0.109	loss: 492.306
win: 0.639	loss: 0.268	tie: 0.093	loss: 475.266
win: 0.609	loss: 0.231	tie: 0.160	loss: 460.560
win: 0.611	loss: 0.272	tie: 0.117	loss: 457.212
win: 0.662	loss: 0.248	tie: 0.090	loss: 445.848
win: 0.661	loss: 0.255	tie: 0.084	loss: 436.544
win: 0.670	loss: 0.236	tie: 0.094	loss: 432.073
win: 0.645	loss: 0.248	tie: 0.107	loss: 423.030
win: 0.611	loss: 0.264	tie: 0.125	loss: 435.871
win: 0.648	loss: 0.284	tie: 0.067	loss: 414.220
win: 0.631	loss: 0.264	tie: 0.105	loss: 411.557
win: 0.674	loss: 0.218	tie: 0.108	loss: 409.496
win: 0.348	loss: 0.274	tie: 0.378	loss: 407.801
win: 0.642	loss: 0.248	tie: 0.110	loss: 404.536
win: 0.625	loss: 0.250	tie: 0.125	loss: 408.225
win: 0.656	loss: 0.258	tie: 0.086	loss: 402.209
win: 0.619	loss: 0.264	tie: 0.117	loss: 405.457
win: 0.605	loss: 0.274	tie: 0.122	loss: 393.345
win: 0.615	loss: 0.258	tie: 0.127	loss: 400.162
win: 0.578	loss: 0.289	tie: 0.133	loss: 387.339
win: 0.616	loss: 0.262	tie: 0.122	loss: 390.206
win: 0.574	loss: 0.313	tie: 0.113	loss: 387.155
win: 0.671	loss: 0.251	tie: 0.078	loss: 394.946
win: 0.645	loss: 0.244	tie: 0.111	loss: 382.210
win: 0.652	loss: 0.320	tie: 0.028	loss: 381.481
win: 0.585	loss: 0.223	tie: 0.192	loss: 379.683
win: 0.638	loss: 0.253	tie: 0.109	loss: 380.382
win: 0.666	loss: 0.237	tie: 0.097	loss: 370.184
win: 0.616	loss: 0.282	tie: 0.102	loss: 383.656
win: 0.637	loss: 0.260	tie: 0.103	loss: 400.309
win: 0.628	loss: 0.273	tie: 0.099	loss: 369.855
win: 0.639	loss: 0.277	tie: 0.084	loss: 516.931
win: 0.627	loss: 0.346	tie: 0.027	loss: 493.245
win: 0.520	loss: 0.403	tie: 0.077	loss: 486.866
win: 0.343	loss: 0.268	tie: 0.389	loss: 465.293
win: 0.675	loss: 0.221	tie: 0.104	loss: 461.042
win: 0.645	loss: 0.268	tie: 0.087	loss: 471.436
win: 0.644	loss: 0.251	tie: 0.105	loss: 463.653
win: 0.513	loss: 0.406	tie: 0.080	loss: 460.848
win: 0.664	loss: 0.253	tie: 0.082	loss: 453.370
win: 0.658	loss: 0.254	tie: 0.088	loss: 446.951
win: 0.643	loss: 0.259	tie: 0.098	loss: 457.467
win: 0.651	loss: 0.259	tie: 0.090	loss: 447.153
win: 0.640	loss: 0.267	tie: 0.093	loss: 443.658
win: 0.329	loss: 0.283	tie: 0.388	loss: 440.864
win: 0.680	loss: 0.229	tie: 0.091	loss: 448.052
win: 0.656	loss: 0.235	tie: 0.109	loss: 439.427
win: 0.652	loss: 0.245	tie: 0.103	loss: 440.431
win: 0.625	loss: 0.270	tie: 0.104	loss: 434.500
win: 0.665	loss: 0.232	tie: 0.103	loss: 426.379
win: 0.607	loss: 0.282	tie: 0.111	loss: 429.184
win: 0.628	loss: 0.274	tie: 0.098	loss: 427.752
win: 0.311	loss: 0.254	tie: 0.435	loss: 423.238
win: 0.591	loss: 0.297	tie: 0.112	loss: 437.195
win: 0.614	loss: 0.295	tie: 0.091	loss: 418.898
win: 0.624	loss: 0.252	tie: 0.123	loss: 426.914
win: 0.317	loss: 0.283	tie: 0.401	loss: 427.940
win: 0.653	loss: 0.264	tie: 0.083	loss: 411.071
win: 0.644	loss: 0.255	tie: 0.101	loss: 416.441
win: 0.669	loss: 0.281	tie: 0.050	loss: 412.479
win: 0.618	loss: 0.284	tie: 0.098	loss: 414.718
win: 0.651	loss: 0.254	tie: 0.095	loss: 421.112
win: 0.631	loss: 0.273	tie: 0.096	loss: 404.748
win: 0.575	loss: 0.238	tie: 0.187	loss: 630.781
win: 0.671	loss: 0.230	tie: 0.099	loss: 498.602
win: 0.630	loss: 0.250	tie: 0.120	loss: 478.672
win: 0.619	loss: 0.249	tie: 0.132	loss: 471.257
win: 0.627	loss: 0.248	tie: 0.125	loss: 468.561
win: 0.670	loss: 0.308	tie: 0.023	loss: 467.621
win: 0.356	loss: 0.266	tie: 0.378	loss: 463.142
win: 0.674	loss: 0.312	tie: 0.014	loss: 444.248
win: 0.670	loss: 0.242	tie: 0.088	loss: 446.759
win: 0.530	loss: 0.439	tie: 0.031	loss: 452.804
win: 0.671	loss: 0.248	tie: 0.081	loss: 450.251
win: 0.628	loss: 0.259	tie: 0.113	loss: 441.510
win: 0.646	loss: 0.333	tie: 0.021	loss: 439.257
win: 0.633	loss: 0.260	tie: 0.107	loss: 431.772
win: 0.676	loss: 0.244	tie: 0.080	loss: 446.787
win: 0.674	loss: 0.207	tie: 0.119	loss: 437.548
win: 0.647	loss: 0.188	tie: 0.166	loss: 442.720
win: 0.646	loss: 0.250	tie: 0.104	loss: 433.345
win: 0.657	loss: 0.262	tie: 0.081	loss: 430.030
win: 0.653	loss: 0.248	tie: 0.099	loss: 434.335
win: 0.622	loss: 0.261	tie: 0.117	loss: 429.750
win: 0.625	loss: 0.274	tie: 0.101	loss: 429.319
win: 0.667	loss: 0.315	tie: 0.018	loss: 433.608
win: 0.668	loss: 0.243	tie: 0.089	loss: 445.077
win: 0.530	loss: 0.442	tie: 0.028	loss: 422.848
win: 0.660	loss: 0.251	tie: 0.089	loss: 434.204
win: 0.611	loss: 0.270	tie: 0.119	loss: 444.160
win: 0.580	loss: 0.242	tie: 0.179	loss: 420.041
win: 0.698	loss: 0.213	tie: 0.089	loss: 425.741
win: 0.332	loss: 0.261	tie: 0.407	loss: 417.915
win: 0.645	loss: 0.338	tie: 0.017	loss: 425.042
win: 0.311	loss: 0.247	tie: 0.442	loss: 420.758
win: 0.665	loss: 0.245	tie: 0.090	loss: 504.673
win: 0.612	loss: 0.274	tie: 0.114	loss: 428.867
win: 0.631	loss: 0.274	tie: 0.094	loss: 434.387
win: 0.598	loss: 0.276	tie: 0.127	loss: 431.218
win: 0.650	loss: 0.247	tie: 0.103	loss: 422.786
win: 0.665	loss: 0.251	tie: 0.084	loss: 421.301
win: 0.601	loss: 0.288	tie: 0.110	loss: 419.305
win: 0.673	loss: 0.224	tie: 0.103	loss: 424.556
win: 0.630	loss: 0.239	tie: 0.131	loss: 438.834
win: 0.329	loss: 0.275	tie: 0.396	loss: 427.357
win: 0.661	loss: 0.213	tie: 0.127	loss: 414.709
win: 0.658	loss: 0.262	tie: 0.079	loss: 425.316
win: 0.300	loss: 0.285	tie: 0.414	loss: 412.200
win: 0.667	loss: 0.312	tie: 0.021	loss: 416.231
win: 0.665	loss: 0.216	tie: 0.118	loss: 415.694
win: 0.654	loss: 0.240	tie: 0.106	loss: 413.035
win: 0.674	loss: 0.222	tie: 0.104	loss: 414.327
win: 0.317	loss: 0.273	tie: 0.409	loss: 405.308
win: 0.635	loss: 0.272	tie: 0.093	loss: 414.161
win: 0.637	loss: 0.246	tie: 0.117	loss: 407.046
win: 0.659	loss: 0.256	tie: 0.085	loss: 399.096
win: 0.676	loss: 0.232	tie: 0.092	loss: 398.641
win: 0.642	loss: 0.256	tie: 0.102	loss: 393.065
win: 0.642	loss: 0.251	tie: 0.106	loss: 395.050
win: 0.655	loss: 0.256	tie: 0.089	loss: 398.978
win: 0.679	loss: 0.240	tie: 0.081	loss: 389.264
win: 0.665	loss: 0.245	tie: 0.090	loss: 395.659
win: 0.382	loss: 0.234	tie: 0.384	loss: 397.990
win: 0.671	loss: 0.219	tie: 0.110	loss: 390.433
win: 0.661	loss: 0.252	tie: 0.087	loss: 384.636
win: 0.675	loss: 0.211	tie: 0.113	loss: 392.347
win: 0.661	loss: 0.320	tie: 0.019	loss: 409.628
win: 0.621	loss: 0.267	tie: 0.112	loss: 540.561
win: 0.657	loss: 0.253	tie: 0.090	loss: 484.836
win: 0.645	loss: 0.247	tie: 0.109	loss: 476.943
win: 0.621	loss: 0.273	tie: 0.106	loss: 461.632
win: 0.643	loss: 0.234	tie: 0.123	loss: 459.900
win: 0.604	loss: 0.271	tie: 0.125	loss: 443.199
win: 0.660	loss: 0.246	tie: 0.094	loss: 452.666
win: 0.673	loss: 0.217	tie: 0.110	loss: 441.740
win: 0.438	loss: 0.274	tie: 0.288	loss: 441.644
win: 0.668	loss: 0.239	tie: 0.093	loss: 438.856
win: 0.665	loss: 0.313	tie: 0.021	loss: 442.070
win: 0.658	loss: 0.244	tie: 0.098	loss: 455.602
win: 0.484	loss: 0.355	tie: 0.161	loss: 435.164
win: 0.639	loss: 0.341	tie: 0.020	loss: 447.217
win: 0.259	loss: 0.302	tie: 0.439	loss: 442.346
win: 0.375	loss: 0.267	tie: 0.358	loss: 427.085
win: 0.621	loss: 0.291	tie: 0.088	loss: 494.254
win: 0.651	loss: 0.328	tie: 0.021	loss: 427.426
win: 0.648	loss: 0.239	tie: 0.113	loss: 423.615
win: 0.676	loss: 0.242	tie: 0.082	loss: 416.136
win: 0.720	loss: 0.262	tie: 0.018	loss: 416.874
win: 0.534	loss: 0.332	tie: 0.134	loss: 413.680
win: 0.681	loss: 0.213	tie: 0.106	loss: 411.233
win: 0.627	loss: 0.279	tie: 0.094	loss: 417.546
win: 0.283	loss: 0.286	tie: 0.431	loss: 419.748
win: 0.278	loss: 0.300	tie: 0.422	loss: 411.420
win: 0.649	loss: 0.243	tie: 0.109	loss: 412.570
win: 0.637	loss: 0.260	tie: 0.103	loss: 414.298
win: 0.666	loss: 0.251	tie: 0.084	loss: 409.562
win: 0.646	loss: 0.261	tie: 0.093	loss: 413.555
win: 0.472	loss: 0.500	tie: 0.029	loss: 418.537
win: 0.697	loss: 0.204	tie: 0.099	loss: 413.346
win: 0.291	loss: 0.273	tie: 0.436	loss: 446.500
win: 0.628	loss: 0.283	tie: 0.089	loss: 419.307
win: 0.631	loss: 0.350	tie: 0.019	loss: 417.310
win: 0.621	loss: 0.288	tie: 0.091	loss: 415.117
win: 0.699	loss: 0.222	tie: 0.079	loss: 420.739
win: 0.638	loss: 0.272	tie: 0.090	loss: 414.312
win: 0.611	loss: 0.258	tie: 0.131	loss: 413.405
win: 0.638	loss: 0.268	tie: 0.094	loss: 410.405
win: 0.633	loss: 0.251	tie: 0.116	loss: 408.905
win: 0.617	loss: 0.263	tie: 0.119	loss: 451.380
win: 0.711	loss: 0.225	tie: 0.064	loss: 399.656
win: 0.623	loss: 0.261	tie: 0.116	loss: 399.040
win: 0.502	loss: 0.362	tie: 0.136	loss: 406.421
win: 0.682	loss: 0.226	tie: 0.092	loss: 395.893
win: 0.635	loss: 0.273	tie: 0.092	loss: 400.481
win: 0.655	loss: 0.263	tie: 0.082	loss: 405.375
win: 0.643	loss: 0.275	tie: 0.082	loss: 400.936
win: 0.649	loss: 0.265	tie: 0.087	loss: 407.799
win: 0.633	loss: 0.280	tie: 0.087	loss: 398.703
win: 0.703	loss: 0.201	tie: 0.096	loss: 401.065
win: 0.670	loss: 0.230	tie: 0.100	loss: 401.097
win: 0.314	loss: 0.272	tie: 0.414	loss: 406.256
win: 0.629	loss: 0.251	tie: 0.120	loss: 415.788
win: 0.680	loss: 0.220	tie: 0.099	loss: 404.910
win: 0.645	loss: 0.243	tie: 0.112	loss: 399.636
win: 0.613	loss: 0.267	tie: 0.120	loss: 395.372
win: 0.602	loss: 0.304	tie: 0.094	loss: 402.417
win: 0.666	loss: 0.230	tie: 0.104	loss: 413.208
win: 0.638	loss: 0.271	tie: 0.091	loss: 419.687
win: 0.660	loss: 0.245	tie: 0.094	loss: 407.145
win: 0.645	loss: 0.240	tie: 0.115	loss: 419.387
win: 0.627	loss: 0.352	tie: 0.021	loss: 408.845
win: 0.634	loss: 0.256	tie: 0.110	loss: 419.759
win: 0.672	loss: 0.221	tie: 0.107	loss: 564.003
win: 0.646	loss: 0.262	tie: 0.092	loss: 429.868
win: 0.619	loss: 0.274	tie: 0.107	loss: 454.745
win: 0.660	loss: 0.238	tie: 0.101	loss: 412.385
win: 0.626	loss: 0.349	tie: 0.025	loss: 433.272
win: 0.658	loss: 0.233	tie: 0.109	loss: 409.138
win: 0.614	loss: 0.289	tie: 0.097	loss: 415.891
win: 0.589	loss: 0.282	tie: 0.129	loss: 408.272
win: 0.641	loss: 0.251	tie: 0.108	loss: 416.185
win: 0.550	loss: 0.228	tie: 0.222	loss: 404.469
win: 0.651	loss: 0.249	tie: 0.101	loss: 427.531
win: 0.318	loss: 0.218	tie: 0.464	loss: 403.934
win: 0.616	loss: 0.285	tie: 0.099	loss: 415.781
win: 0.647	loss: 0.339	tie: 0.014	loss: 421.259
win: 0.661	loss: 0.317	tie: 0.022	loss: 405.046
win: 0.610	loss: 0.271	tie: 0.119	loss: 406.777
win: 0.669	loss: 0.227	tie: 0.104	loss: 409.254
win: 0.667	loss: 0.254	tie: 0.079	loss: 398.708
win: 0.661	loss: 0.251	tie: 0.088	loss: 404.141
win: 0.623	loss: 0.249	tie: 0.128	loss: 394.899
win: 0.672	loss: 0.216	tie: 0.112	loss: 404.052
win: 0.664	loss: 0.238	tie: 0.098	loss: 407.717
win: 0.640	loss: 0.245	tie: 0.115	loss: 398.739
win: 0.639	loss: 0.265	tie: 0.097	loss: 403.644
win: 0.509	loss: 0.270	tie: 0.221	loss: 400.668
win: 0.677	loss: 0.246	tie: 0.077	loss: 408.245
win: 0.616	loss: 0.361	tie: 0.023	loss: 429.729
win: 0.645	loss: 0.264	tie: 0.092	loss: 399.359
win: 0.659	loss: 0.249	tie: 0.092	loss: 402.957
win: 0.421	loss: 0.277	tie: 0.302	loss: 418.763
win: 0.717	loss: 0.192	tie: 0.091	loss: 401.922
win: 0.630	loss: 0.283	tie: 0.087	loss: 520.279
