epoch: 1
time: 107.12870979309082
loss: 1.2032736549372203e-06
loss: 3.496191538943094e-06
