win: 0.950	loss: 0.047	tie: 0.003	loss: 4.669
win: 0.717	loss: 0.045	tie: 0.238	loss: 395.721
win: 0.867	loss: 0.037	tie: 0.095	loss: 328.733
win: 0.880	loss: 0.052	tie: 0.068	loss: 454.221
win: 0.987	loss: 0.011	tie: 0.003	loss: 646.833
win: 0.676	loss: 0.168	tie: 0.155	loss: 492.738
win: 0.971	loss: 0.027	tie: 0.002	loss: 402.771
win: 0.896	loss: 0.026	tie: 0.078	loss: 403.961
win: 0.787	loss: 0.020	tie: 0.194	loss: 326.773
win: 0.873	loss: 0.125	tie: 0.002	loss: 308.982
win: 0.649	loss: 0.012	tie: 0.340	loss: 283.272
win: 0.592	loss: 0.039	tie: 0.369	loss: 185.782
win: 0.836	loss: 0.063	tie: 0.101	loss: 96.234
win: 0.768	loss: 0.012	tie: 0.220	loss: 70.383
win: 0.755	loss: 0.131	tie: 0.115	loss: 46.484
win: 0.780	loss: 0.094	tie: 0.126	loss: 42.848
win: 0.821	loss: 0.177	tie: 0.002	loss: 27.188
win: 0.823	loss: 0.011	tie: 0.166	loss: 31.976
win: 0.899	loss: 0.021	tie: 0.080	loss: 72.132
win: 0.833	loss: 0.103	tie: 0.064	loss: 80.563
win: 0.844	loss: 0.016	tie: 0.141	loss: 71.747
win: 0.897	loss: 0.100	tie: 0.003	loss: 66.794
win: 0.880	loss: 0.036	tie: 0.084	loss: 60.659
win: 0.865	loss: 0.133	tie: 0.002	loss: 54.775
win: 0.572	loss: 0.017	tie: 0.411	loss: 47.118
win: 0.890	loss: 0.030	tie: 0.081	loss: 49.429
win: 0.984	loss: 0.014	tie: 0.003	loss: 66.590
win: 0.717	loss: 0.018	tie: 0.266	loss: 63.153
win: 0.958	loss: 0.039	tie: 0.003	loss: 66.129
win: 0.984	loss: 0.012	tie: 0.004	loss: 76.106
win: 0.851	loss: 0.021	tie: 0.128	loss: 72.447
win: 0.907	loss: 0.090	tie: 0.003	loss: 71.534
win: 0.853	loss: 0.075	tie: 0.071	loss: 174.572
win: 0.850	loss: 0.148	tie: 0.002	loss: 152.847
win: 0.803	loss: 0.068	tie: 0.130	loss: 151.686
win: 0.659	loss: 0.177	tie: 0.164	loss: 129.013
win: 0.986	loss: 0.012	tie: 0.002	loss: 125.788
win: 0.876	loss: 0.120	tie: 0.004	loss: 130.611
win: 0.855	loss: 0.099	tie: 0.046	loss: 127.125
win: 0.827	loss: 0.049	tie: 0.125	loss: 133.416
win: 0.866	loss: 0.131	tie: 0.003	loss: 113.874
win: 0.985	loss: 0.012	tie: 0.003	loss: 113.826
win: 0.924	loss: 0.074	tie: 0.002	loss: 112.298
win: 0.972	loss: 0.025	tie: 0.003	loss: 109.361
win: 0.898	loss: 0.045	tie: 0.057	loss: 108.891
win: 0.857	loss: 0.061	tie: 0.082	loss: 120.356
win: 0.806	loss: 0.037	tie: 0.157	loss: 110.147
win: 0.980	loss: 0.015	tie: 0.005	loss: 118.970
win: 0.866	loss: 0.025	tie: 0.109	loss: 119.738
win: 0.821	loss: 0.120	tie: 0.059	loss: 112.099
win: 0.854	loss: 0.145	tie: 0.002	loss: 106.348
win: 0.724	loss: 0.185	tie: 0.091	loss: 104.833
win: 0.986	loss: 0.011	tie: 0.003	loss: 101.650
win: 0.519	loss: 0.100	tie: 0.381	loss: 98.178
win: 0.794	loss: 0.039	tie: 0.167	loss: 96.993
win: 0.913	loss: 0.084	tie: 0.002	loss: 95.825
win: 0.810	loss: 0.188	tie: 0.002	loss: 98.812
win: 0.876	loss: 0.020	tie: 0.104	loss: 95.977
win: 0.826	loss: 0.172	tie: 0.003	loss: 84.314
win: 0.873	loss: 0.125	tie: 0.002	loss: 87.209
win: 0.911	loss: 0.086	tie: 0.004	loss: 85.183
win: 0.911	loss: 0.038	tie: 0.051	loss: 84.199
win: 0.905	loss: 0.016	tie: 0.079	loss: 87.527
win: 0.985	loss: 0.012	tie: 0.003	loss: 77.855
win: 0.802	loss: 0.025	tie: 0.172	loss: 186.602
win: 0.934	loss: 0.063	tie: 0.003	loss: 159.389
win: 0.875	loss: 0.039	tie: 0.085	loss: 146.400
win: 0.922	loss: 0.074	tie: 0.003	loss: 137.034
win: 0.889	loss: 0.054	tie: 0.057	loss: 131.965
win: 0.939	loss: 0.059	tie: 0.002	loss: 130.403
win: 0.943	loss: 0.054	tie: 0.003	loss: 124.244
win: 0.972	loss: 0.025	tie: 0.003	loss: 132.671
win: 0.893	loss: 0.103	tie: 0.004	loss: 123.620
win: 0.737	loss: 0.102	tie: 0.161	loss: 122.491
win: 0.974	loss: 0.023	tie: 0.004	loss: 127.833
win: 0.852	loss: 0.036	tie: 0.112	loss: 135.234
win: 0.929	loss: 0.066	tie: 0.005	loss: 132.322
win: 0.984	loss: 0.012	tie: 0.004	loss: 132.381
win: 0.842	loss: 0.080	tie: 0.078	loss: 124.393
win: 0.882	loss: 0.045	tie: 0.072	loss: 125.885
win: 0.817	loss: 0.182	tie: 0.001	loss: 126.746
win: 0.750	loss: 0.141	tie: 0.108	loss: 120.794
win: 0.829	loss: 0.078	tie: 0.093	loss: 115.570
win: 0.692	loss: 0.013	tie: 0.295	loss: 111.457
win: 0.985	loss: 0.013	tie: 0.002	loss: 116.222
win: 0.664	loss: 0.015	tie: 0.321	loss: 113.759
win: 0.853	loss: 0.079	tie: 0.068	loss: 114.083
win: 0.986	loss: 0.011	tie: 0.003	loss: 106.390
win: 0.843	loss: 0.076	tie: 0.081	loss: 104.469
win: 0.688	loss: 0.011	tie: 0.300	loss: 100.315
win: 0.903	loss: 0.017	tie: 0.080	loss: 103.427
win: 0.928	loss: 0.068	tie: 0.004	loss: 108.992
win: 0.876	loss: 0.046	tie: 0.079	loss: 106.351
win: 0.892	loss: 0.047	tie: 0.061	loss: 98.239
win: 0.840	loss: 0.157	tie: 0.003	loss: 96.571
win: 0.863	loss: 0.085	tie: 0.052	loss: 94.824
win: 0.863	loss: 0.043	tie: 0.094	loss: 160.803
win: 0.845	loss: 0.058	tie: 0.097	loss: 140.125
win: 0.723	loss: 0.166	tie: 0.112	loss: 147.766
win: 0.899	loss: 0.038	tie: 0.063	loss: 153.099
win: 0.786	loss: 0.059	tie: 0.155	loss: 168.702
win: 0.985	loss: 0.012	tie: 0.003	loss: 144.531
win: 0.907	loss: 0.020	tie: 0.073	loss: 150.202
win: 0.958	loss: 0.039	tie: 0.003	loss: 169.608
win: 0.967	loss: 0.030	tie: 0.003	loss: 164.533
win: 0.820	loss: 0.178	tie: 0.002	loss: 136.308
win: 0.855	loss: 0.038	tie: 0.107	loss: 135.615
win: 0.870	loss: 0.129	tie: 0.002	loss: 135.396
win: 0.956	loss: 0.040	tie: 0.004	loss: 145.668
win: 0.986	loss: 0.011	tie: 0.003	loss: 137.516
win: 0.979	loss: 0.019	tie: 0.002	loss: 127.430
win: 0.910	loss: 0.032	tie: 0.058	loss: 119.231
win: 0.856	loss: 0.041	tie: 0.103	loss: 117.608
win: 0.971	loss: 0.026	tie: 0.003	loss: 120.071
win: 0.756	loss: 0.019	tie: 0.225	loss: 124.880
win: 0.891	loss: 0.031	tie: 0.078	loss: 104.697
win: 0.901	loss: 0.095	tie: 0.005	loss: 99.623
win: 0.965	loss: 0.029	tie: 0.006	loss: 103.097
win: 0.971	loss: 0.027	tie: 0.002	loss: 104.235
win: 0.985	loss: 0.012	tie: 0.003	loss: 108.832
win: 0.950	loss: 0.047	tie: 0.003	loss: 94.317
win: 0.790	loss: 0.103	tie: 0.107	loss: 107.184
win: 0.900	loss: 0.027	tie: 0.072	loss: 104.987
win: 0.779	loss: 0.162	tie: 0.058	loss: 91.121
win: 0.978	loss: 0.019	tie: 0.003	loss: 93.674
win: 0.957	loss: 0.039	tie: 0.004	loss: 95.722
win: 0.677	loss: 0.012	tie: 0.311	loss: 93.422
win: 0.674	loss: 0.015	tie: 0.312	loss: 90.290
win: 0.316	loss: 0.139	tie: 0.544	loss: 195.985
win: 0.914	loss: 0.045	tie: 0.040	loss: 184.858
win: 0.983	loss: 0.015	tie: 0.001	loss: 160.650
win: 0.909	loss: 0.089	tie: 0.002	loss: 157.066
win: 0.961	loss: 0.036	tie: 0.003	loss: 189.366
win: 0.859	loss: 0.139	tie: 0.002	loss: 158.241
win: 0.861	loss: 0.020	tie: 0.120	loss: 147.292
win: 0.833	loss: 0.165	tie: 0.002	loss: 148.727
win: 0.892	loss: 0.010	tie: 0.098	loss: 187.069
win: 0.754	loss: 0.245	tie: 0.001	loss: 149.166
win: 0.960	loss: 0.036	tie: 0.004	loss: 145.108
win: 0.864	loss: 0.134	tie: 0.001	loss: 133.922
win: 0.957	loss: 0.039	tie: 0.004	loss: 125.379
win: 0.985	loss: 0.013	tie: 0.002	loss: 138.528
win: 0.974	loss: 0.023	tie: 0.004	loss: 161.642
win: 0.949	loss: 0.048	tie: 0.003	loss: 131.330
win: 0.984	loss: 0.012	tie: 0.003	loss: 122.991
win: 0.902	loss: 0.097	tie: 0.001	loss: 160.550
win: 0.770	loss: 0.068	tie: 0.162	loss: 128.156
win: 0.837	loss: 0.061	tie: 0.102	loss: 124.483
win: 0.832	loss: 0.035	tie: 0.132	loss: 163.683
win: 0.905	loss: 0.011	tie: 0.083	loss: 126.781
win: 0.876	loss: 0.044	tie: 0.080	loss: 126.301
win: 0.655	loss: 0.112	tie: 0.234	loss: 113.893
win: 0.796	loss: 0.026	tie: 0.178	loss: 120.992
win: 0.963	loss: 0.033	tie: 0.004	loss: 140.811
win: 0.988	loss: 0.011	tie: 0.002	loss: 116.805
win: 0.983	loss: 0.015	tie: 0.003	loss: 128.815
win: 0.765	loss: 0.233	tie: 0.002	loss: 113.448
win: 0.986	loss: 0.012	tie: 0.002	loss: 109.317
win: 0.879	loss: 0.049	tie: 0.071	loss: 109.759
win: 0.847	loss: 0.150	tie: 0.003	loss: 105.440
win: 0.325	loss: 0.066	tie: 0.609	loss: 231.646
win: 0.983	loss: 0.013	tie: 0.003	loss: 194.743
win: 0.963	loss: 0.034	tie: 0.003	loss: 164.552
win: 0.980	loss: 0.017	tie: 0.004	loss: 158.184
win: 0.970	loss: 0.026	tie: 0.003	loss: 136.776
win: 0.985	loss: 0.013	tie: 0.002	loss: 130.599
win: 0.981	loss: 0.017	tie: 0.003	loss: 163.240
win: 0.797	loss: 0.157	tie: 0.046	loss: 134.577
win: 0.841	loss: 0.072	tie: 0.087	loss: 137.944
win: 0.724	loss: 0.012	tie: 0.264	loss: 136.363
win: 0.398	loss: 0.219	tie: 0.383	loss: 118.349
win: 0.957	loss: 0.040	tie: 0.004	loss: 99.923
win: 0.987	loss: 0.011	tie: 0.002	loss: 95.776
win: 0.770	loss: 0.014	tie: 0.216	loss: 98.572
win: 0.722	loss: 0.014	tie: 0.264	loss: 105.878
win: 0.909	loss: 0.025	tie: 0.066	loss: 100.237
win: 0.854	loss: 0.144	tie: 0.002	loss: 114.707
win: 0.834	loss: 0.164	tie: 0.003	loss: 82.575
win: 0.852	loss: 0.031	tie: 0.117	loss: 76.468
win: 0.976	loss: 0.020	tie: 0.004	loss: 74.213
win: 0.923	loss: 0.074	tie: 0.004	loss: 74.743
win: 0.819	loss: 0.134	tie: 0.047	loss: 86.393
win: 0.985	loss: 0.011	tie: 0.004	loss: 76.179
win: 0.978	loss: 0.018	tie: 0.004	loss: 67.031
win: 0.987	loss: 0.011	tie: 0.002	loss: 71.467
win: 0.764	loss: 0.020	tie: 0.216	loss: 73.712
win: 0.966	loss: 0.030	tie: 0.004	loss: 80.333
win: 0.871	loss: 0.085	tie: 0.044	loss: 70.381
win: 0.852	loss: 0.146	tie: 0.002	loss: 72.683
win: 0.970	loss: 0.027	tie: 0.003	loss: 69.480
win: 0.880	loss: 0.035	tie: 0.085	loss: 62.482
win: 0.975	loss: 0.021	tie: 0.004	loss: 97.254
win: 0.928	loss: 0.070	tie: 0.002	loss: 414.618
win: 0.983	loss: 0.014	tie: 0.003	loss: 141.275
win: 0.988	loss: 0.011	tie: 0.001	loss: 120.368
win: 0.934	loss: 0.063	tie: 0.003	loss: 101.888
win: 0.895	loss: 0.019	tie: 0.086	loss: 101.823
win: 0.880	loss: 0.023	tie: 0.097	loss: 97.268
win: 0.806	loss: 0.052	tie: 0.142	loss: 92.664
win: 0.885	loss: 0.038	tie: 0.077	loss: 88.520
win: 0.883	loss: 0.025	tie: 0.093	loss: 81.618
win: 0.919	loss: 0.076	tie: 0.005	loss: 71.229
win: 0.962	loss: 0.034	tie: 0.004	loss: 68.293
win: 0.986	loss: 0.011	tie: 0.002	loss: 93.319
win: 0.985	loss: 0.012	tie: 0.003	loss: 67.069
win: 0.985	loss: 0.011	tie: 0.004	loss: 92.360
win: 0.833	loss: 0.016	tie: 0.151	loss: 81.119
win: 0.879	loss: 0.015	tie: 0.105	loss: 58.416
win: 0.887	loss: 0.014	tie: 0.098	loss: 58.810
win: 0.979	loss: 0.017	tie: 0.004	loss: 51.301
win: 0.886	loss: 0.026	tie: 0.088	loss: 51.133
win: 0.952	loss: 0.043	tie: 0.005	loss: 53.622
win: 0.849	loss: 0.015	tie: 0.136	loss: 61.837
win: 0.867	loss: 0.129	tie: 0.004	loss: 75.636
win: 0.840	loss: 0.117	tie: 0.043	loss: 58.822
win: 0.803	loss: 0.044	tie: 0.153	loss: 58.365
win: 0.951	loss: 0.045	tie: 0.003	loss: 51.081
win: 0.834	loss: 0.126	tie: 0.040	loss: 48.384
win: 0.947	loss: 0.051	tie: 0.002	loss: 53.903
win: 0.244	loss: 0.210	tie: 0.546	loss: 51.940
win: 0.881	loss: 0.020	tie: 0.099	loss: 68.683
win: 0.819	loss: 0.012	tie: 0.169	loss: 52.330
win: 0.983	loss: 0.014	tie: 0.003	loss: 48.798
win: 0.744	loss: 0.011	tie: 0.245	loss: 50.167
win: 0.982	loss: 0.014	tie: 0.004	loss: 153.956
win: 0.797	loss: 0.161	tie: 0.043	loss: 121.959
win: 0.885	loss: 0.111	tie: 0.004	loss: 119.911
win: 0.568	loss: 0.137	tie: 0.295	loss: 106.175
win: 0.802	loss: 0.013	tie: 0.185	loss: 88.625
win: 0.937	loss: 0.059	tie: 0.004	loss: 86.157
win: 0.954	loss: 0.041	tie: 0.005	loss: 73.271
win: 0.906	loss: 0.033	tie: 0.061	loss: 73.962
win: 0.953	loss: 0.045	tie: 0.002	loss: 74.997
win: 0.900	loss: 0.096	tie: 0.004	loss: 72.993
win: 0.964	loss: 0.033	tie: 0.004	loss: 65.228
win: 0.947	loss: 0.048	tie: 0.004	loss: 116.926
win: 0.986	loss: 0.011	tie: 0.003	loss: 64.329
win: 0.900	loss: 0.023	tie: 0.077	loss: 58.752
win: 0.748	loss: 0.162	tie: 0.090	loss: 57.838
win: 0.898	loss: 0.017	tie: 0.085	loss: 57.443
win: 0.875	loss: 0.058	tie: 0.066	loss: 71.503
win: 0.624	loss: 0.015	tie: 0.361	loss: 61.264
win: 0.898	loss: 0.098	tie: 0.005	loss: 61.607
win: 0.951	loss: 0.046	tie: 0.003	loss: 52.634
win: 0.863	loss: 0.016	tie: 0.120	loss: 48.199
win: 0.893	loss: 0.013	tie: 0.094	loss: 52.495
win: 0.969	loss: 0.027	tie: 0.004	loss: 49.566
win: 0.778	loss: 0.146	tie: 0.076	loss: 55.255
win: 0.960	loss: 0.036	tie: 0.003	loss: 42.244
win: 0.819	loss: 0.144	tie: 0.038	loss: 43.184
win: 0.892	loss: 0.106	tie: 0.002	loss: 47.709
win: 0.982	loss: 0.015	tie: 0.002	loss: 52.942
win: 0.817	loss: 0.040	tie: 0.143	loss: 42.486
win: 0.894	loss: 0.037	tie: 0.069	loss: 45.367
win: 0.968	loss: 0.028	tie: 0.003	loss: 58.707
win: 0.586	loss: 0.029	tie: 0.385	loss: 36.681
win: 0.954	loss: 0.043	tie: 0.003	loss: 116.585
win: 0.813	loss: 0.078	tie: 0.110	loss: 89.767
win: 0.891	loss: 0.054	tie: 0.055	loss: 84.433
win: 0.643	loss: 0.014	tie: 0.342	loss: 81.978
win: 0.927	loss: 0.068	tie: 0.005	loss: 68.426
win: 0.984	loss: 0.011	tie: 0.005	loss: 75.371
win: 0.783	loss: 0.133	tie: 0.084	loss: 69.990
win: 0.908	loss: 0.013	tie: 0.078	loss: 57.289
win: 0.986	loss: 0.011	tie: 0.003	loss: 55.714
win: 0.918	loss: 0.078	tie: 0.003	loss: 74.212
win: 0.769	loss: 0.196	tie: 0.035	loss: 65.377
win: 0.932	loss: 0.063	tie: 0.005	loss: 51.841
win: 0.902	loss: 0.018	tie: 0.080	loss: 50.277
win: 0.948	loss: 0.049	tie: 0.003	loss: 43.493
win: 0.845	loss: 0.151	tie: 0.004	loss: 49.321
win: 0.967	loss: 0.029	tie: 0.004	loss: 44.729
win: 0.966	loss: 0.031	tie: 0.003	loss: 46.686
win: 0.873	loss: 0.123	tie: 0.004	loss: 48.208
win: 0.832	loss: 0.166	tie: 0.002	loss: 43.184
win: 0.949	loss: 0.045	tie: 0.005	loss: 61.573
win: 0.955	loss: 0.042	tie: 0.003	loss: 42.763
win: 0.964	loss: 0.031	tie: 0.005	loss: 43.713
win: 0.935	loss: 0.062	tie: 0.003	loss: 40.334
win: 0.705	loss: 0.012	tie: 0.283	loss: 44.685
win: 0.969	loss: 0.026	tie: 0.005	loss: 69.925
win: 0.869	loss: 0.062	tie: 0.069	loss: 36.496
win: 0.956	loss: 0.041	tie: 0.003	loss: 37.393
win: 0.933	loss: 0.064	tie: 0.003	loss: 33.772
win: 0.911	loss: 0.011	tie: 0.078	loss: 40.450
win: 0.826	loss: 0.172	tie: 0.002	loss: 41.675
win: 0.784	loss: 0.019	tie: 0.197	loss: 44.156
win: 0.802	loss: 0.034	tie: 0.164	loss: 40.877
win: 0.981	loss: 0.016	tie: 0.002	loss: 211.499
win: 0.768	loss: 0.015	tie: 0.216	loss: 108.948
win: 0.909	loss: 0.010	tie: 0.081	loss: 107.591
win: 0.878	loss: 0.019	tie: 0.102	loss: 108.523
win: 0.849	loss: 0.035	tie: 0.116	loss: 75.237
win: 0.986	loss: 0.011	tie: 0.002	loss: 79.955
win: 0.814	loss: 0.014	tie: 0.173	loss: 73.977
win: 0.985	loss: 0.013	tie: 0.002	loss: 62.907
win: 0.849	loss: 0.149	tie: 0.002	loss: 61.704
win: 0.981	loss: 0.016	tie: 0.003	loss: 86.988
win: 0.840	loss: 0.100	tie: 0.060	loss: 56.958
win: 0.802	loss: 0.049	tie: 0.149	loss: 64.526
win: 0.951	loss: 0.046	tie: 0.003	loss: 58.755
win: 0.975	loss: 0.023	tie: 0.003	loss: 58.376
win: 0.822	loss: 0.138	tie: 0.040	loss: 61.895
win: 0.840	loss: 0.051	tie: 0.110	loss: 48.530
win: 0.751	loss: 0.073	tie: 0.176	loss: 47.562
win: 0.863	loss: 0.134	tie: 0.002	loss: 57.994
win: 0.953	loss: 0.043	tie: 0.003	loss: 43.170
win: 0.775	loss: 0.039	tie: 0.186	loss: 57.905
win: 0.747	loss: 0.016	tie: 0.236	loss: 43.355
win: 0.986	loss: 0.012	tie: 0.002	loss: 81.008
win: 0.988	loss: 0.011	tie: 0.001	loss: 39.297
win: 0.839	loss: 0.058	tie: 0.104	loss: 44.396
win: 0.818	loss: 0.141	tie: 0.040	loss: 35.728
win: 0.898	loss: 0.100	tie: 0.002	loss: 56.980
win: 0.821	loss: 0.177	tie: 0.002	loss: 38.839
win: 0.814	loss: 0.033	tie: 0.152	loss: 35.163
win: 0.723	loss: 0.017	tie: 0.261	loss: 43.883
win: 0.969	loss: 0.029	tie: 0.003	loss: 36.595
win: 0.977	loss: 0.018	tie: 0.005	loss: 37.448
win: 0.920	loss: 0.011	tie: 0.069	loss: 45.606
win: 0.713	loss: 0.023	tie: 0.264	loss: 80.804
win: 0.746	loss: 0.153	tie: 0.101	loss: 73.343
win: 0.783	loss: 0.153	tie: 0.064	loss: 51.190
win: 0.974	loss: 0.022	tie: 0.003	loss: 58.052
win: 0.916	loss: 0.013	tie: 0.072	loss: 51.934
win: 0.758	loss: 0.240	tie: 0.002	loss: 57.784
win: 0.986	loss: 0.012	tie: 0.002	loss: 61.886
win: 0.650	loss: 0.016	tie: 0.334	loss: 51.034
win: 0.912	loss: 0.086	tie: 0.002	loss: 69.738
win: 0.987	loss: 0.011	tie: 0.002	loss: 42.303
win: 0.964	loss: 0.032	tie: 0.004	loss: 48.494
win: 0.932	loss: 0.064	tie: 0.004	loss: 56.514
win: 0.986	loss: 0.011	tie: 0.002	loss: 40.558
win: 0.636	loss: 0.156	tie: 0.208	loss: 42.596
win: 0.985	loss: 0.013	tie: 0.003	loss: 41.605
win: 0.733	loss: 0.162	tie: 0.105	loss: 44.558
win: 0.987	loss: 0.012	tie: 0.002	loss: 84.194
win: 0.911	loss: 0.010	tie: 0.079	loss: 73.172
win: 0.898	loss: 0.099	tie: 0.003	loss: 36.870
win: 0.896	loss: 0.100	tie: 0.004	loss: 32.556
win: 0.978	loss: 0.019	tie: 0.003	loss: 47.341
win: 0.880	loss: 0.060	tie: 0.060	loss: 35.977
win: 0.982	loss: 0.016	tie: 0.002	loss: 38.868
win: 0.739	loss: 0.074	tie: 0.187	loss: 33.350
win: 0.702	loss: 0.030	tie: 0.267	loss: 37.284
win: 0.837	loss: 0.160	tie: 0.003	loss: 38.445
win: 0.803	loss: 0.011	tie: 0.187	loss: 30.414
win: 0.944	loss: 0.052	tie: 0.004	loss: 30.915
win: 0.773	loss: 0.135	tie: 0.091	loss: 30.854
win: 0.593	loss: 0.081	tie: 0.326	loss: 41.039
win: 0.654	loss: 0.138	tie: 0.208	loss: 31.027
win: 0.893	loss: 0.106	tie: 0.002	loss: 31.401
win: 0.959	loss: 0.039	tie: 0.002	loss: 156.743
win: 0.943	loss: 0.053	tie: 0.005	loss: 85.372
win: 0.963	loss: 0.035	tie: 0.002	loss: 74.067
win: 0.912	loss: 0.084	tie: 0.003	loss: 76.243
win: 0.937	loss: 0.061	tie: 0.003	loss: 65.752
win: 0.837	loss: 0.161	tie: 0.001	loss: 61.845
win: 0.886	loss: 0.023	tie: 0.090	loss: 74.927
win: 0.895	loss: 0.103	tie: 0.003	loss: 63.396
win: 0.829	loss: 0.097	tie: 0.074	loss: 55.345
win: 0.900	loss: 0.054	tie: 0.047	loss: 46.916
win: 0.879	loss: 0.013	tie: 0.107	loss: 48.355
win: 0.935	loss: 0.061	tie: 0.003	loss: 54.563
win: 0.868	loss: 0.021	tie: 0.111	loss: 37.960
win: 0.735	loss: 0.131	tie: 0.133	loss: 37.246
win: 0.971	loss: 0.026	tie: 0.003	loss: 48.768
win: 0.979	loss: 0.019	tie: 0.002	loss: 36.075
win: 0.866	loss: 0.011	tie: 0.123	loss: 46.699
win: 0.985	loss: 0.012	tie: 0.003	loss: 38.689
win: 0.882	loss: 0.115	tie: 0.003	loss: 35.859
win: 0.986	loss: 0.011	tie: 0.003	loss: 40.208
win: 0.986	loss: 0.012	tie: 0.002	loss: 33.991
win: 0.916	loss: 0.078	tie: 0.005	loss: 42.390
win: 0.904	loss: 0.093	tie: 0.003	loss: 32.937
win: 0.822	loss: 0.135	tie: 0.043	loss: 129.913
win: 0.894	loss: 0.015	tie: 0.091	loss: 37.111
win: 0.986	loss: 0.012	tie: 0.002	loss: 30.567
win: 0.967	loss: 0.029	tie: 0.003	loss: 33.482
win: 0.972	loss: 0.025	tie: 0.003	loss: 46.123
win: 0.903	loss: 0.093	tie: 0.003	loss: 35.631
win: 0.888	loss: 0.110	tie: 0.002	loss: 31.878
win: 0.851	loss: 0.052	tie: 0.097	loss: 32.100
win: 0.987	loss: 0.012	tie: 0.002	loss: 33.111
win: 0.917	loss: 0.079	tie: 0.004	loss: 221.141
win: 0.866	loss: 0.038	tie: 0.097	loss: 64.399
win: 0.770	loss: 0.073	tie: 0.156	loss: 50.132
win: 0.960	loss: 0.036	tie: 0.004	loss: 51.812
win: 0.826	loss: 0.073	tie: 0.101	loss: 50.533
win: 0.420	loss: 0.050	tie: 0.530	loss: 43.061
win: 0.372	loss: 0.105	tie: 0.522	loss: 70.797
win: 0.982	loss: 0.015	tie: 0.003	loss: 38.855
win: 0.758	loss: 0.100	tie: 0.142	loss: 44.216
win: 0.972	loss: 0.024	tie: 0.004	loss: 38.510
win: 0.842	loss: 0.087	tie: 0.071	loss: 39.276
win: 0.989	loss: 0.009	tie: 0.002	loss: 47.586
win: 0.973	loss: 0.023	tie: 0.004	loss: 39.278
win: 0.873	loss: 0.123	tie: 0.003	loss: 32.766
win: 0.983	loss: 0.015	tie: 0.002	loss: 33.807
win: 0.859	loss: 0.138	tie: 0.003	loss: 31.949
win: 0.899	loss: 0.099	tie: 0.002	loss: 35.042
win: 0.798	loss: 0.098	tie: 0.105	loss: 37.109
win: 0.764	loss: 0.014	tie: 0.222	loss: 40.901
win: 0.792	loss: 0.157	tie: 0.051	loss: 32.506
win: 0.967	loss: 0.031	tie: 0.002	loss: 32.515
win: 0.821	loss: 0.177	tie: 0.002	loss: 43.025
win: 0.964	loss: 0.033	tie: 0.003	loss: 33.017
win: 0.837	loss: 0.021	tie: 0.142	loss: 31.249
win: 0.988	loss: 0.010	tie: 0.001	loss: 33.054
win: 0.839	loss: 0.089	tie: 0.073	loss: 30.311
win: 0.889	loss: 0.039	tie: 0.072	loss: 32.993
win: 0.985	loss: 0.012	tie: 0.003	loss: 31.565
win: 0.690	loss: 0.042	tie: 0.268	loss: 41.801
win: 0.772	loss: 0.125	tie: 0.103	loss: 31.213
win: 0.669	loss: 0.012	tie: 0.319	loss: 33.393
win: 0.961	loss: 0.034	tie: 0.004	loss: 29.057
win: 0.951	loss: 0.046	tie: 0.003	loss: 124.134
win: 0.907	loss: 0.010	tie: 0.082	loss: 100.315
win: 0.976	loss: 0.020	tie: 0.004	loss: 76.240
win: 0.839	loss: 0.112	tie: 0.048	loss: 80.515
win: 0.810	loss: 0.028	tie: 0.162	loss: 78.878
win: 0.970	loss: 0.027	tie: 0.003	loss: 63.535
win: 0.541	loss: 0.076	tie: 0.383	loss: 82.535
win: 0.804	loss: 0.011	tie: 0.185	loss: 56.367
win: 0.970	loss: 0.026	tie: 0.004	loss: 76.447
win: 0.796	loss: 0.145	tie: 0.059	loss: 52.486
win: 0.863	loss: 0.032	tie: 0.105	loss: 57.286
win: 0.985	loss: 0.013	tie: 0.002	loss: 68.285
win: 0.982	loss: 0.016	tie: 0.002	loss: 50.127
win: 0.972	loss: 0.024	tie: 0.004	loss: 57.995
win: 0.459	loss: 0.053	tie: 0.488	loss: 46.501
win: 0.979	loss: 0.018	tie: 0.003	loss: 50.527
win: 0.864	loss: 0.027	tie: 0.108	loss: 62.870
win: 0.621	loss: 0.016	tie: 0.362	loss: 41.377
win: 0.685	loss: 0.098	tie: 0.218	loss: 44.802
win: 0.938	loss: 0.061	tie: 0.001	loss: 41.651
win: 0.812	loss: 0.133	tie: 0.055	loss: 42.707
win: 0.975	loss: 0.022	tie: 0.003	loss: 38.664
win: 0.604	loss: 0.042	tie: 0.354	loss: 39.102
win: 0.439	loss: 0.052	tie: 0.510	loss: 37.937
win: 0.856	loss: 0.141	tie: 0.002	loss: 37.058
win: 0.886	loss: 0.111	tie: 0.003	loss: 41.257
win: 0.976	loss: 0.021	tie: 0.003	loss: 39.448
win: 0.908	loss: 0.039	tie: 0.053	loss: 44.677
win: 0.917	loss: 0.080	tie: 0.003	loss: 36.755
win: 0.783	loss: 0.011	tie: 0.206	loss: 38.125
win: 0.278	loss: 0.088	tie: 0.635	loss: 32.257
win: 0.848	loss: 0.025	tie: 0.127	loss: 39.460
win: 0.988	loss: 0.010	tie: 0.002	loss: 52.911
win: 0.856	loss: 0.059	tie: 0.085	loss: 47.983
win: 0.887	loss: 0.111	tie: 0.002	loss: 42.486
win: 0.980	loss: 0.018	tie: 0.002	loss: 47.606
win: 0.818	loss: 0.110	tie: 0.072	loss: 38.967
win: 0.615	loss: 0.128	tie: 0.257	loss: 36.497
win: 0.891	loss: 0.035	tie: 0.074	loss: 32.465
win: 0.985	loss: 0.011	tie: 0.004	loss: 32.349
win: 0.793	loss: 0.204	tie: 0.003	loss: 52.476
win: 0.799	loss: 0.139	tie: 0.061	loss: 31.552
win: 0.971	loss: 0.026	tie: 0.003	loss: 33.000
win: 0.868	loss: 0.051	tie: 0.080	loss: 33.441
win: 0.958	loss: 0.037	tie: 0.005	loss: 32.442
win: 0.850	loss: 0.080	tie: 0.070	loss: 35.729
win: 0.889	loss: 0.038	tie: 0.073	loss: 34.047
win: 0.983	loss: 0.012	tie: 0.005	loss: 46.905
win: 0.850	loss: 0.022	tie: 0.128	loss: 28.632
win: 0.975	loss: 0.020	tie: 0.005	loss: 33.178
win: 0.812	loss: 0.013	tie: 0.174	loss: 30.231
win: 0.985	loss: 0.013	tie: 0.002	loss: 28.920
win: 0.966	loss: 0.031	tie: 0.003	loss: 32.085
win: 0.977	loss: 0.019	tie: 0.004	loss: 28.202
win: 0.768	loss: 0.045	tie: 0.188	loss: 26.915
win: 0.885	loss: 0.030	tie: 0.084	loss: 29.727
win: 0.788	loss: 0.210	tie: 0.002	loss: 27.926
win: 0.880	loss: 0.069	tie: 0.051	loss: 27.512
win: 0.955	loss: 0.042	tie: 0.003	loss: 30.742
win: 0.951	loss: 0.045	tie: 0.004	loss: 24.794
win: 0.533	loss: 0.192	tie: 0.275	loss: 31.790
win: 0.981	loss: 0.015	tie: 0.004	loss: 24.622
win: 0.947	loss: 0.050	tie: 0.003	loss: 39.506
win: 0.777	loss: 0.088	tie: 0.134	loss: 28.301
win: 0.904	loss: 0.028	tie: 0.068	loss: 32.876
win: 0.723	loss: 0.031	tie: 0.246	loss: 40.373
win: 0.892	loss: 0.029	tie: 0.080	loss: 30.776
win: 0.883	loss: 0.113	tie: 0.003	loss: 35.127
win: 0.836	loss: 0.126	tie: 0.039	loss: 28.684
win: 0.888	loss: 0.025	tie: 0.087	loss: 43.086
win: 0.614	loss: 0.053	tie: 0.333	loss: 28.754
win: 0.986	loss: 0.011	tie: 0.003	loss: 38.165
win: 0.892	loss: 0.106	tie: 0.002	loss: 29.241
win: 0.967	loss: 0.028	tie: 0.005	loss: 27.856
win: 0.986	loss: 0.011	tie: 0.003	loss: 32.121
win: 0.444	loss: 0.160	tie: 0.397	loss: 60.400
win: 0.847	loss: 0.030	tie: 0.123	loss: 31.529
win: 0.795	loss: 0.018	tie: 0.187	loss: 29.764
win: 0.866	loss: 0.048	tie: 0.086	loss: 42.590
win: 0.775	loss: 0.113	tie: 0.113	loss: 26.217
win: 0.770	loss: 0.084	tie: 0.146	loss: 40.956
win: 0.868	loss: 0.129	tie: 0.002	loss: 21.678
win: 0.986	loss: 0.011	tie: 0.003	loss: 50.845
win: 0.905	loss: 0.037	tie: 0.058	loss: 29.595
win: 0.761	loss: 0.053	tie: 0.186	loss: 26.206
win: 0.852	loss: 0.035	tie: 0.113	loss: 21.602
win: 0.645	loss: 0.045	tie: 0.309	loss: 24.140
win: 0.870	loss: 0.037	tie: 0.093	loss: 26.934
win: 0.840	loss: 0.071	tie: 0.089	loss: 27.202
win: 0.974	loss: 0.022	tie: 0.004	loss: 23.922
win: 0.899	loss: 0.020	tie: 0.081	loss: 30.627
win: 0.714	loss: 0.123	tie: 0.164	loss: 21.735
win: 0.957	loss: 0.041	tie: 0.002	loss: 97.927
win: 0.859	loss: 0.138	tie: 0.004	loss: 55.576
win: 0.934	loss: 0.063	tie: 0.003	loss: 23.233
win: 0.874	loss: 0.019	tie: 0.108	loss: 21.253
win: 0.907	loss: 0.091	tie: 0.003	loss: 56.822
win: 0.948	loss: 0.050	tie: 0.002	loss: 51.743
win: 0.814	loss: 0.145	tie: 0.041	loss: 38.639
win: 0.934	loss: 0.063	tie: 0.003	loss: 30.608
win: 0.406	loss: 0.153	tie: 0.442	loss: 31.124
win: 0.860	loss: 0.139	tie: 0.002	loss: 33.858
win: 0.961	loss: 0.035	tie: 0.004	loss: 35.895
win: 0.927	loss: 0.070	tie: 0.004	loss: 91.157
win: 0.793	loss: 0.205	tie: 0.002	loss: 30.594
win: 0.974	loss: 0.023	tie: 0.003	loss: 32.960
win: 0.833	loss: 0.012	tie: 0.155	loss: 38.512
win: 0.736	loss: 0.176	tie: 0.088	loss: 29.799
win: 0.953	loss: 0.043	tie: 0.004	loss: 29.147
win: 0.685	loss: 0.013	tie: 0.302	loss: 28.131
win: 0.779	loss: 0.138	tie: 0.083	loss: 29.481
win: 0.984	loss: 0.014	tie: 0.003	loss: 36.020
win: 0.889	loss: 0.108	tie: 0.003	loss: 26.924
win: 0.856	loss: 0.142	tie: 0.002	loss: 29.449
win: 0.986	loss: 0.012	tie: 0.003	loss: 37.872
win: 0.965	loss: 0.032	tie: 0.003	loss: 44.578
win: 0.878	loss: 0.011	tie: 0.111	loss: 34.522
win: 0.848	loss: 0.049	tie: 0.104	loss: 30.406
win: 0.668	loss: 0.012	tie: 0.320	loss: 25.456
win: 0.832	loss: 0.166	tie: 0.002	loss: 28.376
win: 0.867	loss: 0.011	tie: 0.123	loss: 26.269
win: 0.808	loss: 0.023	tie: 0.169	loss: 37.962
win: 0.917	loss: 0.037	tie: 0.046	loss: 31.714
win: 0.975	loss: 0.022	tie: 0.003	loss: 45.092
win: 0.862	loss: 0.136	tie: 0.002	loss: 28.650
win: 0.866	loss: 0.033	tie: 0.101	loss: 38.569
win: 0.985	loss: 0.012	tie: 0.003	loss: 27.558
win: 0.867	loss: 0.014	tie: 0.119	loss: 28.514
win: 0.708	loss: 0.192	tie: 0.100	loss: 82.440
win: 0.791	loss: 0.208	tie: 0.001	loss: 111.372
win: 0.896	loss: 0.058	tie: 0.046	loss: 47.509
win: 0.893	loss: 0.034	tie: 0.074	loss: 59.914
win: 0.986	loss: 0.011	tie: 0.003	loss: 54.917
win: 0.903	loss: 0.010	tie: 0.088	loss: 40.253
win: 0.977	loss: 0.020	tie: 0.003	loss: 37.869
win: 0.611	loss: 0.019	tie: 0.370	loss: 43.502
win: 0.979	loss: 0.019	tie: 0.003	loss: 38.230
win: 0.916	loss: 0.080	tie: 0.004	loss: 37.159
win: 0.913	loss: 0.023	tie: 0.064	loss: 43.019
win: 0.670	loss: 0.152	tie: 0.178	loss: 30.911
win: 0.796	loss: 0.152	tie: 0.052	loss: 35.408
win: 0.986	loss: 0.011	tie: 0.002	loss: 31.107
win: 0.867	loss: 0.130	tie: 0.004	loss: 40.518
win: 0.829	loss: 0.091	tie: 0.080	loss: 30.199
win: 0.986	loss: 0.010	tie: 0.004	loss: 32.240
win: 0.811	loss: 0.131	tie: 0.058	loss: 29.435
win: 0.980	loss: 0.016	tie: 0.003	loss: 51.687
win: 0.966	loss: 0.030	tie: 0.004	loss: 33.953
win: 0.795	loss: 0.057	tie: 0.148	loss: 42.298
win: 0.843	loss: 0.155	tie: 0.001	loss: 75.559
win: 0.361	loss: 0.114	tie: 0.525	loss: 41.029
win: 0.939	loss: 0.059	tie: 0.002	loss: 28.974
win: 0.919	loss: 0.079	tie: 0.002	loss: 53.553
win: 0.839	loss: 0.158	tie: 0.003	loss: 42.515
win: 0.572	loss: 0.154	tie: 0.274	loss: 39.466
win: 0.894	loss: 0.103	tie: 0.004	loss: 30.415
win: 0.837	loss: 0.161	tie: 0.002	loss: 57.771
win: 0.985	loss: 0.010	tie: 0.005	loss: 26.479
win: 0.984	loss: 0.012	tie: 0.004	loss: 34.899
win: 0.971	loss: 0.025	tie: 0.003	loss: 28.222
win: 0.825	loss: 0.098	tie: 0.077	loss: 41.002
win: 0.558	loss: 0.115	tie: 0.327	loss: 53.954
win: 0.805	loss: 0.147	tie: 0.048	loss: 45.273
win: 0.815	loss: 0.082	tie: 0.103	loss: 39.057
win: 0.928	loss: 0.070	tie: 0.002	loss: 37.788
win: 0.884	loss: 0.113	tie: 0.002	loss: 49.903
win: 0.883	loss: 0.116	tie: 0.001	loss: 33.491
win: 0.845	loss: 0.091	tie: 0.064	loss: 40.506
win: 0.846	loss: 0.013	tie: 0.141	loss: 35.504
win: 0.966	loss: 0.031	tie: 0.003	loss: 38.415
win: 0.985	loss: 0.012	tie: 0.003	loss: 41.293
win: 0.784	loss: 0.058	tie: 0.158	loss: 29.846
win: 0.935	loss: 0.061	tie: 0.004	loss: 37.809
win: 0.820	loss: 0.178	tie: 0.003	loss: 30.718
win: 0.897	loss: 0.100	tie: 0.002	loss: 30.891
win: 0.689	loss: 0.108	tie: 0.204	loss: 55.141
win: 0.916	loss: 0.081	tie: 0.003	loss: 35.269
win: 0.859	loss: 0.040	tie: 0.101	loss: 32.382
win: 0.935	loss: 0.061	tie: 0.003	loss: 28.462
win: 0.864	loss: 0.056	tie: 0.080	loss: 36.485
win: 0.787	loss: 0.154	tie: 0.059	loss: 25.987
win: 0.966	loss: 0.031	tie: 0.004	loss: 28.445
win: 0.971	loss: 0.026	tie: 0.003	loss: 27.946
win: 0.877	loss: 0.121	tie: 0.002	loss: 29.853
win: 0.986	loss: 0.012	tie: 0.002	loss: 26.610
win: 0.541	loss: 0.065	tie: 0.394	loss: 26.446
win: 0.781	loss: 0.142	tie: 0.078	loss: 29.060
win: 0.915	loss: 0.082	tie: 0.004	loss: 30.145
win: 0.745	loss: 0.254	tie: 0.000	loss: 49.179
win: 0.863	loss: 0.134	tie: 0.003	loss: 29.567
win: 0.783	loss: 0.214	tie: 0.003	loss: 33.630
win: 0.740	loss: 0.109	tie: 0.150	loss: 36.750
win: 0.873	loss: 0.124	tie: 0.003	loss: 196.082
win: 0.852	loss: 0.065	tie: 0.084	loss: 106.559
win: 0.728	loss: 0.121	tie: 0.150	loss: 98.798
win: 0.917	loss: 0.079	tie: 0.004	loss: 89.948
win: 0.833	loss: 0.165	tie: 0.002	loss: 73.820
win: 0.530	loss: 0.061	tie: 0.409	loss: 68.572
win: 0.980	loss: 0.016	tie: 0.004	loss: 67.967
win: 0.820	loss: 0.109	tie: 0.071	loss: 65.185
win: 0.912	loss: 0.013	tie: 0.075	loss: 61.661
win: 0.713	loss: 0.029	tie: 0.258	loss: 69.009
win: 0.975	loss: 0.022	tie: 0.003	loss: 61.834
win: 0.986	loss: 0.012	tie: 0.003	loss: 55.045
win: 0.819	loss: 0.015	tie: 0.166	loss: 66.831
win: 0.969	loss: 0.027	tie: 0.003	loss: 78.835
win: 0.736	loss: 0.014	tie: 0.250	loss: 55.303
win: 0.770	loss: 0.012	tie: 0.218	loss: 57.254
win: 0.760	loss: 0.014	tie: 0.227	loss: 53.137
win: 0.861	loss: 0.084	tie: 0.055	loss: 61.678
win: 0.567	loss: 0.061	tie: 0.373	loss: 46.716
win: 0.931	loss: 0.065	tie: 0.004	loss: 47.305
win: 0.766	loss: 0.125	tie: 0.110	loss: 48.290
win: 0.845	loss: 0.151	tie: 0.004	loss: 51.843
win: 0.959	loss: 0.038	tie: 0.003	loss: 57.484
win: 0.927	loss: 0.069	tie: 0.004	loss: 45.943
win: 0.883	loss: 0.036	tie: 0.081	loss: 43.515
win: 0.807	loss: 0.098	tie: 0.095	loss: 46.300
win: 0.804	loss: 0.146	tie: 0.050	loss: 44.682
win: 0.798	loss: 0.028	tie: 0.174	loss: 52.554
win: 0.857	loss: 0.045	tie: 0.098	loss: 52.252
win: 0.885	loss: 0.035	tie: 0.080	loss: 42.017
win: 0.942	loss: 0.056	tie: 0.002	loss: 47.345
win: 0.901	loss: 0.035	tie: 0.064	loss: 59.243
win: 0.820	loss: 0.179	tie: 0.001	loss: 60.127
win: 0.933	loss: 0.064	tie: 0.003	loss: 40.177
win: 0.830	loss: 0.167	tie: 0.003	loss: 57.424
win: 0.749	loss: 0.167	tie: 0.084	loss: 71.081
win: 0.741	loss: 0.026	tie: 0.233	loss: 49.414
win: 0.886	loss: 0.111	tie: 0.003	loss: 44.094
win: 0.972	loss: 0.024	tie: 0.004	loss: 51.055
win: 0.882	loss: 0.021	tie: 0.097	loss: 38.632
win: 0.792	loss: 0.152	tie: 0.055	loss: 49.921
win: 0.890	loss: 0.031	tie: 0.079	loss: 53.391
win: 0.969	loss: 0.026	tie: 0.004	loss: 40.207
win: 0.900	loss: 0.097	tie: 0.003	loss: 44.607
win: 0.767	loss: 0.186	tie: 0.047	loss: 45.553
win: 0.545	loss: 0.042	tie: 0.413	loss: 45.544
win: 0.835	loss: 0.012	tie: 0.153	loss: 42.609
win: 0.962	loss: 0.035	tie: 0.003	loss: 39.434
win: 0.600	loss: 0.183	tie: 0.218	loss: 34.874
win: 0.790	loss: 0.012	tie: 0.198	loss: 43.482
win: 0.829	loss: 0.070	tie: 0.101	loss: 43.048
win: 0.923	loss: 0.074	tie: 0.003	loss: 50.354
win: 0.884	loss: 0.022	tie: 0.095	loss: 44.124
win: 0.868	loss: 0.128	tie: 0.004	loss: 36.877
win: 0.970	loss: 0.027	tie: 0.003	loss: 40.428
win: 0.967	loss: 0.031	tie: 0.003	loss: 49.588
win: 0.965	loss: 0.032	tie: 0.003	loss: 37.051
win: 0.981	loss: 0.016	tie: 0.003	loss: 37.063
win: 0.889	loss: 0.009	tie: 0.101	loss: 44.768
win: 0.961	loss: 0.035	tie: 0.003	loss: 35.287
win: 0.387	loss: 0.124	tie: 0.489	loss: 88.463
win: 0.971	loss: 0.026	tie: 0.003	loss: 32.997
win: 0.952	loss: 0.044	tie: 0.004	loss: 35.506
win: 0.968	loss: 0.028	tie: 0.004	loss: 51.214
win: 0.638	loss: 0.058	tie: 0.304	loss: 38.236
win: 0.987	loss: 0.011	tie: 0.002	loss: 53.119
win: 0.963	loss: 0.034	tie: 0.003	loss: 44.653
win: 0.817	loss: 0.133	tie: 0.050	loss: 35.175
win: 0.866	loss: 0.036	tie: 0.097	loss: 63.824
win: 0.885	loss: 0.043	tie: 0.072	loss: 44.132
win: 0.795	loss: 0.079	tie: 0.127	loss: 39.244
win: 0.819	loss: 0.136	tie: 0.045	loss: 35.367
win: 0.323	loss: 0.087	tie: 0.590	loss: 53.292
win: 0.879	loss: 0.039	tie: 0.083	loss: 32.011
win: 0.938	loss: 0.058	tie: 0.004	loss: 31.909
win: 0.331	loss: 0.185	tie: 0.483	loss: 37.145
win: 0.937	loss: 0.061	tie: 0.002	loss: 31.768
win: 0.970	loss: 0.027	tie: 0.003	loss: 35.641
win: 0.831	loss: 0.133	tie: 0.037	loss: 32.207
win: 0.834	loss: 0.163	tie: 0.002	loss: 38.915
win: 0.861	loss: 0.075	tie: 0.065	loss: 34.096
win: 0.835	loss: 0.164	tie: 0.002	loss: 30.054
win: 0.986	loss: 0.011	tie: 0.003	loss: 35.276
win: 0.750	loss: 0.073	tie: 0.177	loss: 37.614
win: 0.845	loss: 0.075	tie: 0.080	loss: 47.315
win: 0.848	loss: 0.105	tie: 0.047	loss: 33.173
win: 0.777	loss: 0.061	tie: 0.162	loss: 30.288
win: 0.973	loss: 0.023	tie: 0.004	loss: 28.925
win: 0.815	loss: 0.087	tie: 0.098	loss: 27.638
win: 0.891	loss: 0.105	tie: 0.004	loss: 31.652
win: 0.954	loss: 0.042	tie: 0.004	loss: 31.460
win: 0.911	loss: 0.087	tie: 0.002	loss: 27.921
win: 0.855	loss: 0.143	tie: 0.002	loss: 31.244
win: 0.859	loss: 0.138	tie: 0.003	loss: 34.469
win: 0.771	loss: 0.068	tie: 0.161	loss: 32.689
win: 0.800	loss: 0.016	tie: 0.184	loss: 39.139
win: 0.987	loss: 0.011	tie: 0.002	loss: 68.541
win: 0.978	loss: 0.017	tie: 0.005	loss: 46.849
win: 0.972	loss: 0.025	tie: 0.002	loss: 49.222
win: 0.861	loss: 0.060	tie: 0.079	loss: 30.675
win: 0.967	loss: 0.030	tie: 0.003	loss: 34.654
win: 0.886	loss: 0.065	tie: 0.049	loss: 40.587
win: 0.830	loss: 0.168	tie: 0.002	loss: 36.754
win: 0.816	loss: 0.129	tie: 0.055	loss: 34.653
win: 0.932	loss: 0.014	tie: 0.053	loss: 35.502
win: 0.798	loss: 0.199	tie: 0.002	loss: 38.629
win: 0.875	loss: 0.123	tie: 0.002	loss: 35.792
win: 0.985	loss: 0.013	tie: 0.002	loss: 33.097
win: 0.850	loss: 0.029	tie: 0.122	loss: 33.667
win: 0.618	loss: 0.013	tie: 0.369	loss: 40.103
win: 0.898	loss: 0.011	tie: 0.090	loss: 37.184
win: 0.960	loss: 0.037	tie: 0.003	loss: 36.219
win: 0.893	loss: 0.023	tie: 0.084	loss: 35.244
win: 0.929	loss: 0.067	tie: 0.004	loss: 34.451
win: 0.969	loss: 0.027	tie: 0.003	loss: 33.091
win: 0.877	loss: 0.030	tie: 0.093	loss: 34.185
win: 0.870	loss: 0.127	tie: 0.003	loss: 32.968
win: 0.693	loss: 0.052	tie: 0.255	loss: 34.165
win: 0.973	loss: 0.025	tie: 0.002	loss: 39.214
win: 0.784	loss: 0.098	tie: 0.118	loss: 33.531
win: 0.944	loss: 0.053	tie: 0.003	loss: 58.802
win: 0.885	loss: 0.064	tie: 0.050	loss: 27.327
win: 0.950	loss: 0.047	tie: 0.003	loss: 34.944
win: 0.894	loss: 0.051	tie: 0.055	loss: 35.757
win: 0.887	loss: 0.110	tie: 0.003	loss: 29.530
win: 0.807	loss: 0.135	tie: 0.058	loss: 41.321
win: 0.969	loss: 0.029	tie: 0.003	loss: 30.991
win: 0.898	loss: 0.043	tie: 0.059	loss: 30.847
win: 0.824	loss: 0.102	tie: 0.073	loss: 29.390
win: 0.929	loss: 0.067	tie: 0.004	loss: 73.659
win: 0.873	loss: 0.025	tie: 0.102	loss: 77.918
win: 0.940	loss: 0.057	tie: 0.004	loss: 71.903
win: 0.972	loss: 0.024	tie: 0.003	loss: 67.484
win: 0.887	loss: 0.011	tie: 0.102	loss: 57.870
win: 0.800	loss: 0.011	tie: 0.189	loss: 50.165
win: 0.982	loss: 0.014	tie: 0.004	loss: 53.986
win: 0.961	loss: 0.035	tie: 0.004	loss: 59.796
win: 0.931	loss: 0.065	tie: 0.004	loss: 56.013
win: 0.768	loss: 0.084	tie: 0.148	loss: 41.933
win: 0.530	loss: 0.101	tie: 0.369	loss: 42.055
win: 0.987	loss: 0.010	tie: 0.003	loss: 45.686
win: 0.896	loss: 0.031	tie: 0.073	loss: 67.955
win: 0.980	loss: 0.017	tie: 0.003	loss: 39.774
win: 0.987	loss: 0.011	tie: 0.002	loss: 47.175
win: 0.706	loss: 0.014	tie: 0.280	loss: 37.865
win: 0.815	loss: 0.082	tie: 0.103	loss: 35.404
win: 0.793	loss: 0.043	tie: 0.165	loss: 33.608
win: 0.750	loss: 0.022	tie: 0.228	loss: 35.849
win: 0.721	loss: 0.012	tie: 0.267	loss: 44.575
win: 0.985	loss: 0.012	tie: 0.002	loss: 34.089
win: 0.950	loss: 0.048	tie: 0.003	loss: 37.711
win: 0.832	loss: 0.165	tie: 0.003	loss: 45.806
win: 0.866	loss: 0.131	tie: 0.003	loss: 32.335
win: 0.600	loss: 0.025	tie: 0.375	loss: 37.128
win: 0.812	loss: 0.099	tie: 0.089	loss: 31.995
win: 0.801	loss: 0.198	tie: 0.001	loss: 40.632
win: 0.896	loss: 0.100	tie: 0.005	loss: 45.371
win: 0.972	loss: 0.025	tie: 0.003	loss: 41.361
win: 0.906	loss: 0.023	tie: 0.070	loss: 37.711
win: 0.828	loss: 0.119	tie: 0.054	loss: 88.381
win: 0.792	loss: 0.137	tie: 0.071	loss: 49.917
win: 0.889	loss: 0.041	tie: 0.070	loss: 65.637
win: 0.927	loss: 0.069	tie: 0.004	loss: 59.574
win: 0.930	loss: 0.064	tie: 0.006	loss: 68.659
win: 0.825	loss: 0.173	tie: 0.002	loss: 115.915
win: 0.986	loss: 0.011	tie: 0.002	loss: 77.917
win: 0.587	loss: 0.045	tie: 0.369	loss: 40.142
win: 0.829	loss: 0.169	tie: 0.002	loss: 36.411
win: 0.875	loss: 0.063	tie: 0.062	loss: 40.705
win: 0.686	loss: 0.014	tie: 0.300	loss: 41.928
win: 0.965	loss: 0.032	tie: 0.003	loss: 37.765
win: 0.979	loss: 0.018	tie: 0.003	loss: 36.444
win: 0.686	loss: 0.013	tie: 0.302	loss: 41.176
win: 0.920	loss: 0.075	tie: 0.005	loss: 47.561
win: 0.953	loss: 0.043	tie: 0.003	loss: 40.379
win: 0.818	loss: 0.180	tie: 0.002	loss: 37.396
win: 0.825	loss: 0.114	tie: 0.061	loss: 47.225
win: 0.963	loss: 0.034	tie: 0.003	loss: 39.557
win: 0.903	loss: 0.093	tie: 0.004	loss: 42.489
win: 0.801	loss: 0.165	tie: 0.034	loss: 30.899
win: 0.854	loss: 0.026	tie: 0.120	loss: 38.292
win: 0.987	loss: 0.011	tie: 0.003	loss: 31.437
win: 0.890	loss: 0.040	tie: 0.070	loss: 33.222
win: 0.831	loss: 0.166	tie: 0.003	loss: 37.309
win: 0.670	loss: 0.329	tie: 0.001	loss: 33.735
win: 0.931	loss: 0.066	tie: 0.003	loss: 31.459
win: 0.939	loss: 0.057	tie: 0.004	loss: 35.028
win: 0.660	loss: 0.015	tie: 0.325	loss: 33.511
win: 0.976	loss: 0.021	tie: 0.003	loss: 48.280
win: 0.881	loss: 0.115	tie: 0.004	loss: 37.593
win: 0.686	loss: 0.012	tie: 0.302	loss: 30.842
win: 0.638	loss: 0.013	tie: 0.349	loss: 37.315
win: 0.806	loss: 0.095	tie: 0.099	loss: 61.098
win: 0.864	loss: 0.023	tie: 0.113	loss: 51.101
win: 0.971	loss: 0.026	tie: 0.003	loss: 41.460
win: 0.977	loss: 0.020	tie: 0.003	loss: 34.679
win: 0.877	loss: 0.027	tie: 0.096	loss: 30.487
win: 0.777	loss: 0.143	tie: 0.080	loss: 46.896
win: 0.887	loss: 0.112	tie: 0.001	loss: 48.782
win: 0.787	loss: 0.030	tie: 0.183	loss: 61.290
win: 0.909	loss: 0.089	tie: 0.002	loss: 29.349
win: 0.876	loss: 0.012	tie: 0.112	loss: 27.506
win: 0.765	loss: 0.012	tie: 0.223	loss: 37.128
win: 0.760	loss: 0.016	tie: 0.224	loss: 27.039
win: 0.936	loss: 0.060	tie: 0.004	loss: 32.805
win: 0.773	loss: 0.224	tie: 0.003	loss: 28.186
win: 0.562	loss: 0.028	tie: 0.410	loss: 27.733
win: 0.842	loss: 0.057	tie: 0.101	loss: 31.622
win: 0.807	loss: 0.056	tie: 0.137	loss: 29.834
win: 0.945	loss: 0.052	tie: 0.003	loss: 34.455
win: 0.912	loss: 0.011	tie: 0.077	loss: 33.750
win: 0.693	loss: 0.128	tie: 0.179	loss: 34.229
win: 0.875	loss: 0.030	tie: 0.095	loss: 29.390
win: 0.887	loss: 0.067	tie: 0.046	loss: 27.957
win: 0.830	loss: 0.168	tie: 0.002	loss: 25.776
win: 0.914	loss: 0.084	tie: 0.002	loss: 33.377
win: 0.890	loss: 0.036	tie: 0.074	loss: 25.881
win: 0.886	loss: 0.066	tie: 0.048	loss: 28.676
win: 0.793	loss: 0.023	tie: 0.184	loss: 29.550
win: 0.457	loss: 0.087	tie: 0.456	loss: 29.532
win: 0.986	loss: 0.011	tie: 0.002	loss: 29.963
win: 0.928	loss: 0.070	tie: 0.002	loss: 27.565
win: 0.945	loss: 0.052	tie: 0.004	loss: 27.581
win: 0.837	loss: 0.161	tie: 0.002	loss: 28.477
win: 0.478	loss: 0.036	tie: 0.486	loss: 109.627
win: 0.985	loss: 0.011	tie: 0.004	loss: 101.100
win: 0.791	loss: 0.144	tie: 0.065	loss: 78.947
win: 0.890	loss: 0.024	tie: 0.086	loss: 65.873
win: 0.917	loss: 0.080	tie: 0.003	loss: 65.964
win: 0.864	loss: 0.015	tie: 0.121	loss: 69.879
win: 0.985	loss: 0.012	tie: 0.003	loss: 63.916
win: 0.988	loss: 0.011	tie: 0.001	loss: 60.755
win: 0.973	loss: 0.024	tie: 0.003	loss: 57.624
win: 0.879	loss: 0.011	tie: 0.110	loss: 56.382
win: 0.893	loss: 0.013	tie: 0.094	loss: 63.962
win: 0.872	loss: 0.016	tie: 0.113	loss: 54.448
win: 0.883	loss: 0.114	tie: 0.003	loss: 51.921
win: 0.848	loss: 0.149	tie: 0.003	loss: 60.372
win: 0.806	loss: 0.047	tie: 0.146	loss: 55.701
