win rate: 0.917	loss rate: 0.042	tie rate: 0.041
win rate: 0.801	loss rate: 0.124	tie rate: 0.075
win rate: 0.849	loss rate: 0.103	tie rate: 0.048
win rate: 0.924	loss rate: 0.045	tie rate: 0.031
win rate: 0.897	loss rate: 0.069	tie rate: 0.034
win rate: 0.838	loss rate: 0.118	tie rate: 0.044
win rate: 0.915	loss rate: 0.064	tie rate: 0.021
win rate: 0.921	loss rate: 0.047	tie rate: 0.032
win rate: 0.869	loss rate: 0.093	tie rate: 0.038
win rate: 0.864	loss rate: 0.092	tie rate: 0.044
win rate: 0.882	loss rate: 0.076	tie rate: 0.042
win rate: 0.804	loss rate: 0.128	tie rate: 0.068
win rate: 0.827	loss rate: 0.111	tie rate: 0.062
win rate: 0.868	loss rate: 0.096	tie rate: 0.036
win rate: 0.909	loss rate: 0.052	tie rate: 0.039
win rate: 0.878	loss rate: 0.075	tie rate: 0.047
win rate: 0.915	loss rate: 0.048	tie rate: 0.037
win rate: 0.848	loss rate: 0.102	tie rate: 0.050
win rate: 0.876	loss rate: 0.082	tie rate: 0.042
win rate: 0.838	loss rate: 0.103	tie rate: 0.059
win rate: 0.916	loss rate: 0.042	tie rate: 0.042
win rate: 0.808	loss rate: 0.122	tie rate: 0.070
win rate: 0.834	loss rate: 0.103	tie rate: 0.063
win rate: 0.933	loss rate: 0.042	tie rate: 0.025
win rate: 0.842	loss rate: 0.118	tie rate: 0.040
win rate: 0.808	loss rate: 0.131	tie rate: 0.061
win rate: 0.877	loss rate: 0.089	tie rate: 0.034
win rate: 0.912	loss rate: 0.044	tie rate: 0.044
win rate: 0.913	loss rate: 0.057	tie rate: 0.030
win rate: 0.899	loss rate: 0.060	tie rate: 0.041
win rate: 0.865	loss rate: 0.076	tie rate: 0.059
win rate: 0.788	loss rate: 0.145	tie rate: 0.067
win rate: 0.830	loss rate: 0.100	tie rate: 0.070
win rate: 0.817	loss rate: 0.117	tie rate: 0.066
win rate: 0.837	loss rate: 0.104	tie rate: 0.059
win rate: 0.877	loss rate: 0.083	tie rate: 0.040
win rate: 0.871	loss rate: 0.076	tie rate: 0.053
win rate: 0.922	loss rate: 0.040	tie rate: 0.038
win rate: 0.751	loss rate: 0.162	tie rate: 0.087
win rate: 0.900	loss rate: 0.080	tie rate: 0.020
win rate: 0.913	loss rate: 0.043	tie rate: 0.044
win rate: 0.817	loss rate: 0.113	tie rate: 0.070
win rate: 0.862	loss rate: 0.093	tie rate: 0.045
win rate: 0.861	loss rate: 0.102	tie rate: 0.037
win rate: 0.902	loss rate: 0.065	tie rate: 0.033
win rate: 0.805	loss rate: 0.132	tie rate: 0.063
win rate: 0.870	loss rate: 0.065	tie rate: 0.065
win rate: 0.834	loss rate: 0.109	tie rate: 0.057
win rate: 0.856	loss rate: 0.083	tie rate: 0.061
win rate: 0.908	loss rate: 0.065	tie rate: 0.027
win rate: 0.837	loss rate: 0.114	tie rate: 0.049
win rate: 0.800	loss rate: 0.141	tie rate: 0.059
win rate: 0.847	loss rate: 0.113	tie rate: 0.040
win rate: 0.892	loss rate: 0.063	tie rate: 0.045
win rate: 0.917	loss rate: 0.054	tie rate: 0.029
win rate: 0.900	loss rate: 0.071	tie rate: 0.029
win rate: 0.844	loss rate: 0.112	tie rate: 0.044
win rate: 0.842	loss rate: 0.101	tie rate: 0.057
win rate: 0.843	loss rate: 0.114	tie rate: 0.043
win rate: 0.897	loss rate: 0.068	tie rate: 0.035
win rate: 0.854	loss rate: 0.099	tie rate: 0.047
win rate: 0.877	loss rate: 0.081	tie rate: 0.042
win rate: 0.922	loss rate: 0.049	tie rate: 0.029
win rate: 0.918	loss rate: 0.050	tie rate: 0.032
win rate: 0.867	loss rate: 0.105	tie rate: 0.028
win rate: 0.821	loss rate: 0.126	tie rate: 0.053
win rate: 0.865	loss rate: 0.089	tie rate: 0.046
win rate: 0.849	loss rate: 0.113	tie rate: 0.038
win rate: 0.848	loss rate: 0.101	tie rate: 0.051
win rate: 0.884	loss rate: 0.090	tie rate: 0.026
win rate: 0.894	loss rate: 0.066	tie rate: 0.040
win rate: 0.820	loss rate: 0.120	tie rate: 0.060
win rate: 0.858	loss rate: 0.089	tie rate: 0.053
win rate: 0.850	loss rate: 0.115	tie rate: 0.035
win rate: 0.858	loss rate: 0.090	tie rate: 0.052
win rate: 0.869	loss rate: 0.069	tie rate: 0.062
win rate: 0.849	loss rate: 0.085	tie rate: 0.066
win rate: 0.858	loss rate: 0.095	tie rate: 0.047
win rate: 0.857	loss rate: 0.098	tie rate: 0.045
win rate: 0.866	loss rate: 0.080	tie rate: 0.054
win rate: 0.887	loss rate: 0.064	tie rate: 0.049
win rate: 0.817	loss rate: 0.121	tie rate: 0.062
win rate: 0.828	loss rate: 0.112	tie rate: 0.060
win rate: 0.888	loss rate: 0.068	tie rate: 0.044
win rate: 0.870	loss rate: 0.094	tie rate: 0.036
win rate: 0.883	loss rate: 0.082	tie rate: 0.035
win rate: 0.915	loss rate: 0.051	tie rate: 0.034
win rate: 0.884	loss rate: 0.066	tie rate: 0.050
win rate: 0.856	loss rate: 0.093	tie rate: 0.051
win rate: 0.768	loss rate: 0.158	tie rate: 0.074
win rate: 0.848	loss rate: 0.079	tie rate: 0.073
win rate: 0.790	loss rate: 0.140	tie rate: 0.070
win rate: 0.817	loss rate: 0.112	tie rate: 0.071
win rate: 0.877	loss rate: 0.096	tie rate: 0.027
win rate: 0.834	loss rate: 0.106	tie rate: 0.060
win rate: 0.905	loss rate: 0.057	tie rate: 0.038
win rate: 0.865	loss rate: 0.089	tie rate: 0.046
win rate: 0.871	loss rate: 0.094	tie rate: 0.035
win rate: 0.930	loss rate: 0.041	tie rate: 0.029
win rate: 0.911	loss rate: 0.046	tie rate: 0.043
win rate: 0.899	loss rate: 0.053	tie rate: 0.048
win rate: 0.799	loss rate: 0.139	tie rate: 0.062
win rate: 0.854	loss rate: 0.080	tie rate: 0.066
win rate: 0.861	loss rate: 0.078	tie rate: 0.061
