epoch: 1 time: 3.0319175720214844
loss: 0.2905440032482147
loss: 0.5909580588340759
